         500
   10.000000000000000     
   4.4739475219082028        6.3800173830706708        3.1626128545326293     
   6.9471419206003890        1.1064776168998069        9.1760525586488502     
  0.27420650977764582        1.6748065804120560        7.7852550739670479     
   3.5882969586263158        1.6083191779812223        3.7037009719370850     
   3.0443946873626828        9.2646124101152196        6.1232579840366395     
  0.47785468044297619       0.49601599404941021        8.8054788510728912     
   5.6353280388236060E-002   5.3115496755776235        7.3212024616420326     
   4.2468253355261147        2.2249220943946946        5.2074219425716892     
   9.3205658949285155        7.8973660885340022       0.87001579604628398     
   6.3462372032187169        3.3995050697949258        1.8141539143502328     
   5.4398905407556439       0.65399065961649239        9.9849244437842835     
   6.3735419397700186        1.3426592950583882       0.22347415769675916     
   9.9705820104574290        9.2786165279181372        1.1790377611713498     
   8.0877863064624904        6.4708613031917341        6.4812491212154990     
   4.3360644504110599        4.9827633683141066        8.8581299422079898     
   5.4989324881707615        2.3148079834649140        5.7855173496617649     
   3.6849962064834840        5.8365489992839068        4.5977425997384902     
   5.9002499630063800        8.4937699370212307        4.8401628467192133     
   9.5751765333934955        3.1490099666638516        7.3635656115838755     
   8.4222018660098161        9.3397955371938330        8.2715711494259434     
   2.4297127448666123        5.6593575409080366        2.2676188084172288     
   3.7802406866508811        2.8782694734122396        2.1698225939942626     
   3.9877984583256909        5.8297437058563784        7.9763415558052744     
   1.2117566770812427        8.1565445186672374        5.0209461737286620     
   8.1106816479769712        7.0252278297947788        9.3180222954736340     
   1.3064286510903544        1.1768009110587219        7.7362114328709470     
   4.6353711142314822        2.8972271135735617        4.3890446401141290     
   1.3022697771601477        1.9646212842757815        8.1554299582478809     
   9.3611842132338126       0.30541423629697251        2.6659294218454743     
   8.2664643610733961        2.1003068525410140       0.79540421635995617     
  0.47017156963816809        7.4853532965658856        3.5445302294652170     
   6.5556783300304708        1.3847271916563531       0.56979791982186834     
   9.3921432741716231        2.4865470082650365        1.3809225686638271     
   2.4634267177872440        4.1029004692627504        9.9854211014335732     
   2.7850508857598175        7.5979381736554883       0.64176222228693125     
   4.8042489954964340        3.9095844021120172        5.3594669063816696     
   8.9457049369842139        8.9686408097194263        3.7951028263178799     
   7.0635773097261314        6.4002211698194014        8.5132025130830584     
   4.0569041238951442        7.4538520075571579        7.8610781069402211     
   4.6809572462041658        4.8665110270969238        8.7000565053915864     
  0.79185113474071200        9.8205007180546176        4.2439714479316031     
  0.21666845235096432        2.8720937202404597        2.4712346514391550     
   8.9488218769940229        3.7638335974600414        2.5447429909964479     
   3.3191119751021159        1.6859161810295964        6.9359932705446470     
   5.3301435092988818        3.5587201855187169        6.4953749380421009     
   1.9965556351167646        2.3932995431187489        6.4552345408946445     
   3.0173767963105504        4.6022888471877401        1.7090337185818971     
   8.7142978042156578        7.7966517575078997        5.7243045477728485     
   4.9584733363757625        4.8139355434994338        8.8191644383149477     
  0.60933008539027611       0.12475838054888166        1.3250199716013322     
   4.8043664350256643        7.9149018596029848        8.8836571988625792     
  0.21932507738093632        5.7665416975422179        6.5415855930908737     
   2.8190116066499158        1.8917468116473934        8.4239563063926379     
   8.1036158862807177        8.0509825140939171        4.3665942555843635     
   2.3471121007467852        7.6369134370711009        2.0815657676004951     
   6.9899754717759457        6.6525568895722076        4.2227569155492750     
  0.39094580026799219       0.20982133291977068        1.5645796374093268     
   7.2504230320050675        8.7690747082270413        8.4899310018950409     
   8.1916001164601688        3.1090620207531705        5.9769316933385266     
   2.3188552539736627       0.51303955093110587        1.1173832878261791E-002
   6.2126560810877232        7.7581160529061801        6.2595915891632368     
   9.7164010930436557        1.9287593427847061        7.8582366146626583     
   9.4124780020280472        7.2396290091171212E-002   4.8888814908540930     
   7.4621200155695178        7.9332998372045829        1.9307889665537536     
   2.9700613496654791        3.0908312020509054        9.5064579874904638     
   1.0328497017882454        4.7337031549833375E-002   9.0919907241891540     
   9.4529348413489647        2.4139333696334999        9.3098144116988077     
   2.2715109391881247        1.7926916766389600        9.1807421383618131     
   7.4476003947446126        3.1215982044201485        8.3123568715652567     
   1.5524102127569683        5.7525243813719387        9.1723125189555734     
   3.2256920905205666        4.5794862308344957        8.1188099574812309     
   3.3558252452593407        7.5940111887901383        2.3067936226080432     
   8.8110409568752779        8.2511672347562293        9.4122229838684177     
   7.2556140408183465        8.8403213512471588       0.82301006592975345     
   8.3777124053589986        2.5589463382146516        5.8548565065542597     
   5.3977897192437432        2.3544925277107929        9.0181643751911817     
   8.5530219792669406        3.4271564616346737        6.1094274466039353     
  0.66096029172728610        7.9252952247068622        8.7650326386325403     
   8.0556577491206109        5.4179529963744057        4.6864938849070823     
  0.76675777061387618        5.4942854926785465        2.3575966983634755     
   1.8018431520919453        9.0918763414032640       0.25701875338583702     
   1.6762309632118833        2.6678493529979450        6.1040474168806043     
   3.4785142354420548       0.21540256840295258        9.1475284165533282     
  0.26395174407943811        4.1509067917498452        9.1548637585620121     
   9.5368112068049289        3.2914627509417258        7.8270338426351662     
   6.2595478249796770        2.0705520760088794        5.8554092635450514     
   3.8959632016771084        6.7529150552201873        8.3667017293616546     
   4.9546133233663259        5.1353150842372504        2.3570384758135465     
   7.1361454153413293        3.3716308271732762        9.8006350621695724     
   6.8987983610366541        8.6720667914315044        4.9491592137478584     
  0.96790265118186891        1.5712606449146238        9.9271546298495785     
   8.2015893320529969        9.1545117372598099       0.65835598923346450     
   3.3424347566884216        2.5704169741675251        2.8358513753082759     
   9.3296764793535392        8.0299060709824417        4.7403340411536776     
   1.9319780494091776       0.47486741868192905        8.7496790787310044     
   1.2238720833397310        3.1154253206209450        7.0467341518704867     
  0.14424001927363594       0.82683920424490576        8.8873488004490326     
   9.6139327260992697        7.1747401075491171        2.9650448812845687     
   1.7239755365939113        1.5325138967337293        7.0311806554749134     
   3.4783611546764917        3.5142481658332567        3.4665567908509196     
   4.2950899711707144        4.1496027230265682        7.6928165682781744     
  0.57914493262255839        8.6104507338731278        7.7874169527379911E-002
   7.8599075406043708        2.6647235498025870        9.3399207433244342     
   3.5046979924142727        4.6910652035996945        8.4262310224532246     
   8.5734101591745375        9.5233344351870279        3.0761900824716837     
   2.3080025925948968        5.0013434493213262        6.0750778388725193     
   9.9415521779285303        7.4299312773710593        6.5174641032882388     
   4.9845814692961197        8.6129070193687678        1.7258714527452346     
   1.3412164176243657        3.8256139982872051        1.4737551863873688     
   4.7608279881507585        9.0440673778766563        5.3765223675305869     
   5.3924408746538059        2.1613855138059792        9.5419078886938138     
   3.4040581719373755        8.4837123961468865        5.9329701197331701     
   5.7147981405530723        4.3610157091100579        6.5133452075489862     
   4.1889056348213805        7.5455898586553927        7.8673599387934630     
   3.4272965673557887       0.61758898407423102        5.1491560663224281     
   5.6061240343250738        1.3434565697842948        3.4110249131911896     
   2.8494443589397100        7.3093804945055885        4.6329328944250623     
   9.9269384433266517        2.6332609847156832        9.0676897665051275     
   5.7864157625514610        1.0011543713307602        9.6749272966410409     
   5.8185616269390881        5.1669469270714661        5.9805161048773261     
   5.3958376245183883        1.2129305992793549        9.4083255629375238     
   2.0260014561700892        7.7936633990304260        6.9952926290259594     
  0.38366598683522657        2.6789968158241084        9.5418951530342362     
   6.8915825418370975        6.3801463956028570        7.7671954919154684     
   2.3967296324640150        9.1137649026241814        9.8990162920708222     
  0.17258231031129223        2.3798729996514290       0.45729976803009498     
  0.52868559066779008        3.5852384109842639        3.8725100373352026     
   8.3422002459684776       0.55612228521814244        7.9221586321837183     
  0.67232798209294953        5.5332394557772933        5.2873685919423998     
  0.22210824508261728        5.7840908605454810        4.4615763377769477     
   4.7992655655064738        2.0144002658939208        8.9918477773831675     
   5.8901100808951181        6.4892238246700975        5.7810902852814081     
   1.7229633025556135        9.1226757133943206        8.4859069786638113     
   9.0375962832289911        3.0576558399740907        7.9389992123007644     
   4.7174474267486763        9.0923408416763944       0.90458201558836326     
   8.0979958084845816E-002   4.7241996450164461        9.1093610756622017     
   2.4030399140539185        1.8678143063551478        2.2979008788910740     
   3.3824652059266325        5.6370219901476935       0.88329623643112032     
  0.53005228309040753        1.5202161059678976       0.10150345726388843     
  0.32635315088763495        9.4860327926659789        2.5193725970632528     
   1.6747422579920801        9.8537657275573647        3.3060655704083941     
   9.2321290190760301        3.1071943267786528        9.9400013859366627     
   7.8271437259099557        5.0480614110470352        6.8060064883133329     
   1.9459445006185805        6.7978860465997135        6.8997550565617356     
   9.5110180487322911        7.0887080584778701        1.0415295361703636     
   1.8603484139942172       0.88935122012721690        2.9410077497456877     
   8.3114777033075260       0.28433595953576196       0.78964329328756189     
   6.9634186841287695        3.4064571630913267        4.9242598487707863     
   5.5763918276990063        9.6196535297345989        7.6877517422277100     
   4.0730014826512031       0.51707967060908522       0.12683407522190659     
   9.6570599827739585        5.8415109331761759        7.9242336208808446     
   1.4496762482709213        9.5449904768658573        4.8798112754902387     
   5.3357338428559196        2.8206592383782345        1.8699602616146571     
   5.2408044044888049        8.4891333973070005        7.1325484227043381     
   4.5469472129788695        9.5417209599310819        4.0646911772387586     
   7.5567547095689065        5.1342234347568807        8.4380818877969528     
   8.2754278421934977        9.0155402276140730        7.0126089498678690     
   2.0047217015862651        5.7372043629043237        2.5644239732591680     
   6.7660685103569005        9.5603973589078617        1.7691257683738815     
   9.4043225470982481        9.7571553786749305        5.1923304258440890     
   8.5273918070734407        1.9815491841471000        8.2159222950393822     
   8.7483800681263642        1.6799377882878241        3.7474773922713323     
   3.2798957506290725        5.1693999722988027        6.9916951433541632     
   8.8229192673482224        9.6724591509862670        5.3200481927454915     
   6.3449853309199806       0.79057271942224228        6.2613566877485658     
   9.3151095392060803        9.8517478267532077        8.1524570605365732     
   5.7786355406464534        2.4292398059104525        9.2894253619879148     
   2.5450804066312482        8.7470623781029690       0.27378661298772311     
   1.6829444050529629        3.8375218355535989       0.35208035721162712     
   8.5675246075875489        4.6322344730227263        6.1511188902961154     
   2.0099656138557851        7.3397694299746652        1.1034558698181318     
   6.8262435524909524       0.23825442355953741        6.1686808492518992     
   2.4313412433307113        8.4645796507036604        2.1708720926233149     
   7.1339400780427891        2.6165828634604749        3.1276386468201278     
   8.9837242816208622        3.1748300284842337        6.2382150724262742     
   3.0674043356355907        8.4590017137648275        3.4292213470295128     
   3.4982954423858601        3.9571494450466127        6.9628577191988361     
   3.3572978633298800       0.33355890091052887        6.7560900048425312     
   7.8830682619599894        2.9563083626111517        9.2689802859885475     
   6.4811756909900531        6.8193004359434184        6.2611524361661690     
   6.5411091567081332        5.1108229344237257        6.2783496880590235     
   5.2500958772477553        9.2558466255288732        1.2496387406470844     
   4.8456856181879138        2.1063368132301563        2.2792136077962843     
   9.8958935407115973       0.53194949891340992       0.58383061134943737     
   1.4130529547539850        9.2818579323432981        3.7285077498998795     
   8.3284704885935508        7.5796523103856739        2.6430018547622081     
   8.3763441206544123        9.7540736526684064        6.2764866717862153     
   6.1272786555787837        4.2778385596795934        5.4659280424197396     
   1.7731930609182078        3.9850916339252072        1.9817842706825606     
  0.11766383053159024        5.6917771401943007       0.92792366075082011     
   4.9665309840497098       0.78951704620531804        4.0591686067663124     
  0.27551615198388779        7.2031946214587563        3.5515315770273803     
   7.6397386398835110        6.6257581543916881        8.2101697070625992     
   3.6549911385730849        8.9670106341481599        7.8525985039535513     
   3.5041680795416275       0.26307982964371424        3.4050655046363767     
   9.9770229601235627        1.3478031117196643        2.1346861071667025     
   7.2348595164888572        5.0746543781498694        4.4638395709756518     
   6.6963367395825859        6.9522253113244146        4.4565818525552388     
   6.2768983193481187        4.2428141307960656        3.8584949951582983     
   2.2218966012906782        6.5349267006261140        3.2516822954028624     
   5.1983161821607107        8.3648858067587675        3.5509810814665554     
   5.1595129997017954        1.0947305866136170        2.2785978493516437     
   2.3797932431372573        6.3594736136243899        3.4105627806286187     
   7.8239918431869384        4.8408134850663753E-002   7.9203998241149289     
   3.7890103708800438        2.3384266311597179        3.3089255523766692     
   8.2274653796965005        8.6892219193364930        9.0744465556283149     
  0.74178297440196883        2.1327459721649156        3.0637926000795912     
   3.5911944654102279        6.6715378263293683        4.9001899140171474     
   7.1947745916079473        6.1206938468061010        4.9621318748765750     
   7.2488860929181618        6.5857616609160976       0.75108135028069789     
   5.3111487787490450        6.7876401801577746        7.6784005563316713     
   6.9358695862641824        4.5484786581531704        7.4689342277285640     
   9.5943528949581118        4.6024085288823997       0.72349874074254417     
  0.38136316516719337        4.6832927832275439E-002   6.6350437349149116     
   5.0752387158987204        2.8760053164922783        1.1357335191221885     
   7.2373744372559976        3.1004174003764531        2.6690087943734655     
   4.8478294692934645        3.2784766092296582       0.62413144015114774     
   2.3165831837024218        7.0428938661966347        2.0153869579131269     
   4.5287325591446752        4.9580834919829115        4.3582451443116241     
   1.8828927930395567        3.8725888832950761       0.10874443227098296     
   2.5664201082552349        2.4857899793327345        2.1271926670491617     
   2.2247035761413936       0.46157417902621511        1.4586899630805261     
   5.6253464133815525        9.0992567464527241        7.5386336630200219     
   2.1176975931021422        2.5479568552505838        1.5355587787976299E-002
   4.1153841958881276        1.6005789042055774        7.0846617538187804     
   4.6427517872359534        4.6542980656306767        5.9187192876624088     
   1.9941612393581576        8.0476730558512841        9.2230306445911339     
   6.5597315020247917        5.5979520509292069        9.2964492950758348     
   2.3667051635706082        8.7397329200740739        3.7950651859726561     
   8.7347758015197599        6.7579406659578645        1.0607092793156303     
   5.1763147662881481        1.4184382743159107       0.27153212727760057     
   6.0541784157818110        6.3497992846678972        8.7275660355688274     
   6.5138935025462521        5.5155539354644603        2.5266284140093740     
   1.4531688884961957        2.4453416684844012        5.0347621498277579     
   8.7053941769110352        7.7323392577129679        2.5988869885925592     
   8.3934672660200942        3.7751605542615332        4.2849296532708596     
   8.9343693345942050       0.43877199404186329        4.3043775071806873     
   7.2073860015559088        8.2794402813521248        5.5201541621221200     
   6.6018425846114983        3.3130237959622977        1.1438723786515625     
   3.9086437609894045        9.1407434607206746        8.3620392811313096     
   4.5546432414717799        4.6856744711168279       0.65275346386641453     
   2.2489210516563829        3.0093850902007615        6.3914758303581873     
   7.3002689275370383        7.7587610659652810       0.36580545396497355     
  0.40601911827961690        1.6049213053010514        9.2008961355644097     
  0.60832296214922699        2.1514912469660006        4.8226292963776638     
   7.1184342467315016        9.1125603865668676        4.5975892832104819     
   4.1990527882545017       0.73555198234234953        4.1656446500782689     
   3.3318542193668286        2.3339872068703515        3.9936923018316062     
   3.9926342638901557        3.6845114787089148        2.7883584107894843     
   8.1048188436552699        9.0226181845260918       0.83358293584510856     
  0.22838441963668243        3.8423976631217394        2.5686159303870171     
   6.9697299378794568        8.4068322631802666       0.75179438932657106     
   5.2012398518164247        4.3810691911563548        9.8630426812640284     
   1.3008113111327646        1.6541667336251886        4.5707440186157955     
   4.4290950748696210        9.9344338925435025        3.6401273273578538     
   1.2488889699775729        3.7989918564799954        4.5360369491223373     
   1.1879223336102862        2.2740539196774012        1.9886707632486689     
   7.9816680933026616        5.2913875930383476        2.8571879972367764E-002
   5.1987873888980918        4.3491059276132793        6.1341590154427825     
   1.5201674682557287        4.6753327101034969        5.3684373956623617     
   1.5647844988469339        6.0043351943971190        9.9065903752838764     
   8.7816048730273213        8.1963604277699798        9.0087184613857580     
   5.9513771278997787       0.94023888647679188       0.10088762036701393     
   1.3216224926760156        4.2222402193777810        6.7625809888399866     
   7.3508523688885887        5.4136876727273844        8.3353676608186564     
   4.7848438132523192        4.6361333951530082E-002   5.7124091256071168     
   5.2470532265337946        1.0154656798548256        1.2243155573324827     
   1.2986346719498920        3.3311442413057257        6.2956893043349407     
   2.6038942229061188        3.1654657627616665        9.7559314323542239     
   5.9209786663073327        9.2058055864331738        2.0389315320403831     
   1.8753528084104532        1.0890258742902015        6.7328318250576000     
   1.7456869097077943        5.6605311696631624        3.0275101183506505     
   1.7862383946581151        5.4709509399339744        4.1127860201879738     
   8.6256206266304858        8.0860628382055779        1.3455630537440921     
   4.4657242086698359        3.6003401861218256        1.0806315437380809     
   1.1623331463257880        2.3379208921403105        1.7924415275633632     
   9.4201441354229747        1.0011355804220778        4.4384610572398762     
   6.9545608359736510        8.2431154415423418       0.50737569513010561     
   5.7355331530704259        1.2853009231105905        8.2953243504914020     
  0.71129826386638895        3.5915082730639361        6.2335618897748999     
   6.4275903280789217        3.2866148903991146        8.8521527826204522     
   6.0654622134144995        1.1990331121893250        3.8364922451194658     
   2.1907461426904118       0.93072256413010979        4.3207260989249052     
   8.8113883390892660        7.1297172383211427        2.3523177264620045     
   9.6624325062488712        3.0639256238382240        1.7151462817042262     
   8.8134829054235517        3.4209762200619753       0.43577754332549179     
   3.8600031897894937        7.7247831784626904        1.8713141869944339     
   8.5921681753429056        6.7535861996876729        7.6334956024109610     
   5.1652392135374514        5.2750987938508498        8.5546804200026134     
   6.0349261548057997        8.5029783061283730        3.5643330801789230     
  0.86516202766439676        4.7023553396396753        9.4254047695379377     
   2.1527584047425616        5.8930204257112875        8.4221108678908205     
   5.4918953363218002        7.2567822435862572        9.6995779537396842     
   3.7817052001398199        9.8421339024071735        2.3669280194599560     
   9.3705931724796585        5.6268780838647299        7.5001244200993469     
  0.18580042374709338        5.3761217991696277        4.6352613466195800     
   8.4820136277551192        8.2793189808480570        7.2521202461392793     
   9.7852968118969343        2.0729663518155417       0.95641536161362950     
   4.5029128981053343        8.3124620145891761        1.2879815966798480     
   7.0914347112213143        1.7455611771080537        3.6550134868881203     
   6.2423757170909067        9.2627806683307927        8.4944360214733159     
   3.1921873552930125        5.6783407253600684        7.0953434003043681     
  0.18734281931991226        5.6962649800423302        2.3485105726565090     
   5.0427554881140493        2.1097901689481602        4.4463782490695145     
   3.1652046349974539        8.9985659827963467        1.3443643089444701     
   6.9688782964983043        7.3795678059590086        5.6655074177131395     
   6.6042155565734433        4.2453425178143025        1.3080987861746241     
   8.8734872657976389        8.6706977103520373        1.9063855436761701E-002
   1.2692933153274732        9.9731274826637186       0.96458473657583310     
  0.93643257206116326        8.2310000451465797        4.4162095431432586     
   8.5622305475404801        3.1058322492927704        9.6767060850665914     
   2.7247066551157815        2.0822480584270164        7.6488352907939259     
   6.5593512837032284       0.40318356692797708        3.0451110339437246     
   6.7977033373993141        6.2406316783524485        6.3053375163355199     
   3.7688029104599261        4.1796173315193474        5.1306130165847605     
  0.71983254219453063        2.5107897567311213        4.2737247725892624     
   6.2387833964404891        7.6638031782209906        7.3708017830890693     
   7.2476453468676105        1.5970896520209354        1.6783445603772817     
   8.6631886795919755        4.4766377346035933        7.1837203395737026     
   1.3729711162635594        2.0298634195302876        8.0625023523774235     
   2.8450130786714656E-002   1.9902379466200337        8.8847403569717596     
   9.3498557564078801        2.8125924341413198        4.2086880592518261     
   4.7391733006493109        3.9148594760566291        6.7691299579087776     
   5.5853510704047329        4.4698366749967855        5.6806005413625416     
   6.7846939410897171        1.6208248854336271        3.7260559138723846     
   3.9747926451158646        8.6740680876045424        3.6232576979106765     
   3.3118351369279786        4.7630012057025422        1.6654409427299866     
   6.3070058840644627       0.92104482658890485       0.75106337815691870     
   6.4295518678274153        2.5682866803022031        3.9312373584845171     
   1.4385325084375433        3.5946615834866491        2.0648125982486567     
   6.0902695164796548        6.1165090929675214        4.8182151063059795     
   8.6482337348324272        8.2256502993485157        4.9957278414144426     
   7.4091577406957221       0.26405204856529085        6.0611365177388610     
   6.4132365922037495        9.9239084558166972       0.36914516796986541     
   5.2389342404157269        1.5106249896980106        9.9567522101025272     
   4.7515500928189889        9.2110876388854344        2.6667908731607257     
   2.5121399587481874       0.23638148644174128        9.3994584569071460     
   7.4870258731703654        3.0627805951486939        2.8598752431607344     
   2.4228431990526311        6.5014734700373218        8.4098282295626543     
   3.6263038706877437        7.0697239538770331        1.3144962529111348E-002
   1.5903548919979593        1.0585499215652450        1.2330134464416243     
   1.2136158107831541        9.6691133250914323        5.4760305003891894     
   5.8087143643930776        1.0712561401601173        4.6911760062565921     
   2.9266657901226445        7.4729363070912349        7.4393970343674054     
   3.9264709561994779        8.7694971801404282        1.6239208279978801     
   1.7339387682361396        8.4054564724520535        8.0295800527242296     
   4.8152190460010242        6.1535887975053418        3.7720698655683527     
   5.9112192144255014       0.37927259209448061        8.3327682510035253     
   8.4461405986506648        9.4258792997524825        8.8055921558133825     
   2.2958410306022445       0.49606841406700131        2.1840195989534283     
   9.0579215216722240        1.9978163269361737        1.7970752142979540     
   3.3313327835944886        4.5691165640617450        1.0030388827354164     
   4.2205043589690128        1.7428411743028316        1.2930765358088048     
   1.5951716720007758        1.5463666838897328        7.2215440661012060     
   6.7637151477065665        7.7083417405980805        4.2687534327522512     
   3.1442440672669658        1.0027164886503936        8.4449556169400459     
   8.1440804590818630        7.5521814645587613        6.0591610685047286     
   3.3855656803221281        7.2356123438320710        5.0888413626403173     
   7.1160028764416783        4.3008423599429744        8.2855325219615565     
   3.8207408727947234        3.6432454798203793        9.3168263019494688     
   1.3409230246438009        1.6043773398176486       0.46618311253482592     
   5.5362725063390759        3.0187823973894656        3.5191583117937828     
  0.52011744327671416        9.4416019440177408        6.0537391369047677     
   6.8917469825532587        6.9198079330726481        7.8009822314226787     
   1.2085338071904339        6.4845690364065991        9.4750804107386131     
   8.6180213891912789        6.4142212692040070        6.8735702837063481     
  0.38115032883099143        1.6412012448479318        2.2493551426010985     
   8.6528252354785220       0.18487664934446757        9.9288123814832936     
   5.7761599594261694        8.2465683208250624       0.52279361419270365     
   9.1449192261228056        5.3697471165676873        2.9377868870528068     
   8.1284507301772901        2.3545433789067562        8.8719699981967537     
   2.8912432364722007       0.97152053496972979        4.9756128103111594     
   4.6537037901837950        9.4147625294667190        7.7929354203879999     
   5.1629449032998114        7.8315322082450756        3.0081784746592231     
   2.1376099177090815        5.5549934688602596        9.8450628633254915     
   5.4099320903137418        8.9181227003268919        6.5523139497775960     
   8.1450006199131071        1.8272435064817327        7.9062351374573101     
   7.6525786147781281        4.0423256044452840        6.7427857504331765     
   5.7855181685280632        8.2322972011760918        4.7093188757767166     
   7.2677986580402276       0.81136495764316141        7.5105447025091268     
   2.6759688648694215        4.7160292688612504        3.6628100224693783     
   4.2009913904590430        8.2480208939731403E-002   3.7810691638033269     
   6.7063402874654230        8.6611909716074482        8.9665545352680098     
   4.1096237639773436        5.0991604396224641        5.8816791536221738     
   1.5617173089102743        6.6676431569052506        1.6682183164085729     
   2.6619225108840352        3.1392233400528613        4.4911102652804216     
   6.3000312074889226        9.6847721687146588        6.8642523148833812     
  0.65584177634519403        7.4426399936317553        3.2528079768401410     
   2.9630717807336158        4.4977521882378833        8.6952003353894529     
   1.6914487804146405        7.3449208094087215        5.8462572584366503     
   6.2146830417225418        6.4259930408530073        9.7669830560549080     
   7.8322836660894755        3.5265347385928756        7.8432793689798421     
   6.0892885540850088        1.7695821536814627        6.8478643934293082     
   6.7157449412573955        7.4723943075830643        6.3298706429779461     
   7.6916451638626802        9.1566165946784590        9.7659577596097975     
   8.3721174654290760        6.8815210648084104        5.9643346897110208     
  0.72301601419041073        9.6667327371601850        8.2403082853999017     
   3.1727454219100828        2.8569263921830723        6.0123571991689904     
   6.5296221194415658        1.0793943080057211        8.1420157188500788     
   5.7984289793143082        7.5058202194829002        2.1008800790675366     
   5.1482519699494658       0.87829104005821779        6.2152514684139017     
   6.6627506574113440        8.5403845132746294        3.1424641609512536     
   3.7115388668086879        6.5500144159504545        8.2791163298746877     
   3.8166642128642705        6.3744132654838097        3.5499272991006157     
   4.6833776232413697        6.9755899581158385        9.7616593295862000     
   9.8266679356035311        1.9610364339390218        4.5573960465746470     
   9.8129573434173665        5.2125209435051243        5.8826958709333974     
  0.21044110229118784        2.5362018324108027        3.5548698223790778     
   4.6062369895426434        4.9450567724938113        4.1163767033181875     
   2.3344149607955367        9.7168100214515167        3.5360954408983836     
   9.7365916112227175       0.51782923028064309        4.5062543368606365     
   2.5044474724600949        5.1197712000519733        5.5886410397012547     
   3.3795098528867076        1.4372414824780089        5.6831294106755950     
   3.4981325301611896        6.0057519952466123       0.74748611774295370     
   5.6605947044400420        7.7842290865272226        7.5687874774077324     
   6.6155835047574207        1.1176786493756463        7.1346671076936827     
   1.6767455517324525        6.4348588473390755E-002   7.8443653151590791     
   4.1967948732823377        2.7407739094452408        8.5511700906457850     
   3.2705952053801237        8.1214534262337228       0.84409850797544594     
   4.7308089784620764        9.8900892858662548        4.4903287674743408     
   4.8117613273043203E-002   6.2446497049474683        8.0212557900570829     
   9.5552005470999042        7.1649286646954247E-002   2.4824356264579528     
   5.9175467771496750        5.8695557254191453        9.5555599669150730     
   5.7854931089418304        1.5500699172252586        6.2528572137040346     
   6.9606371408428069        8.4473277999246950        1.3254117448558000     
   3.0211308975942321        9.8426550638777339       0.92151352242500262     
   2.2761545723007695        3.4986851041096365        9.3264133288202515     
  0.39247096869989062       0.22966006697146768        9.8524871902493238     
   7.5079726354418730        7.3787381112936092        5.9063241977989769     
   5.4287062682674794        3.7476243321016778        9.3761238423897559     
   7.7148997088040243        6.8573393975227841        1.0995798224591757     
   4.4065559668292211        5.2563316390972767        1.9165184737312635     
  0.48683311034476762        3.3790423983991280        5.4513678162185091     
  0.59247301921889872        6.5930214603789246        4.1005984918786575     
   6.6975051090727797        6.3529009306077953        4.9482535045210394     
   2.3011875257170478        9.3399396507962980        8.2742224312224089     
  0.46518540591459434        3.6310695588782060        8.3615624248311242     
   2.0142251260948085        7.3203422792475434        5.5652647503534061     
   7.5061811662798821        9.8963830796115175        8.7483895768495952     
   2.2820579896031576        7.7982049833566940        1.7755930237883766     
   8.3561739381963847        6.6108438642131331        4.3482033811530112     
   3.4035337000105748        8.3291778044020965        5.5810973315613293     
   2.4233264696856494        1.6437027181132757        1.3052940737029528     
   1.2778431875575735        6.4858272768900704       0.14356792019402986     
   7.8493569365602092        3.6804038837353712        7.4419249721740748     
   1.5720265861324989        4.8714054069241621        5.9354321246298039     
   2.9951503247771996        3.9614361796571140        3.0503901181476856     
   5.8288084568812684        9.2323809640666443E-002   3.7601234440980926     
   8.4413002979252383        1.6337034689062624        3.6975974088206098     
   9.0662931128210076        2.3757256016719497        7.5790428464261534     
   2.2984342178976700        3.0756681968098043        7.4936404069583249     
   4.5852554608894733        8.6051466907951770        8.1985048067692219     
   1.9503762477678355        1.4201984203929907        1.8880639261766508     
   3.4875912332255830        4.2565704350963385        4.1087267642946346     
   4.8459656817940040        5.9749500291888404       0.82579520260382289     
   3.2612789558757860        5.8643457401769172        6.3560776194634814     
   3.3888741443996162       0.18067266508578483        3.9106344511313438     
   2.0060592327132620        9.1151784690915942        9.2470741337301599E-002
   6.3767185141185685        3.3754766288140239        8.9406053094114775     
   9.6032145927163590        1.0674527322385352        8.2878551093590822     
   9.8922729126023761        1.3132410631439762        4.2741406954367624     
   4.6153900645399109        4.7962075742317847        9.5791531876067175     
   7.4382606902729078        3.9539139162355221       0.20228448754330164     
   8.7622729918121536        1.5495698881222952        8.9512702055670683     
   3.8288250537342225        6.5915435656108361        3.4024379439401353     
   7.8188869707204569        9.6123919570238208        5.4063018424073048     
   7.9364768838913333        3.5784449988179001        3.3521232793423072     
   6.2645675257763411        7.6942171053076303        6.2118868271340659     
   4.0382162993474493        3.4187818992402610        6.8615062328702496     
   7.1274796874183277        1.8407724420377514       0.80547519685808311     
   6.9043394873164052        7.0979421526142055        5.2702647311489574     
   5.7932385376709261       0.38163408846678348        2.6971480733244224     
   8.6019167816678905        2.4271126080838878        4.3040150190450888     
   6.6693677737258508        6.1555301243443186        2.7390749859506345     
   1.4641021653937070        4.7006992490002908        1.5868260609003682     
   8.6851341372178990        6.2986588772477115        4.6421238584524058     
   8.4525551134340340        7.1633751231076372        1.2764058760334196     
   9.1189757808352176        3.7827769268007962        5.8498030448463192     
   9.4480876005103589        8.4823235887224850        6.7497945369337096     
  0.85224648033063399        7.3802427446897063        5.3252442603712433     
   2.7925779843392693        5.8208389105963914        4.1391295871779032     
   3.4801113439909215        9.5617969022824685        8.4445856112368123     
   6.4107919496608945        4.3148952168418848        9.8739730415044011     
   2.3104118599612464        7.1569828300790270        8.4193812014171812     
   9.9492710378588551        1.7207854491588270        7.2913757095255152     
   5.1856702273233939        5.2596318488766292        1.7083696780851099     
   5.1044793329990865        7.4466668544276278        7.1283702585317936     
   6.6367754658220726        4.6397677959441914       0.80760482100931008     
   9.5166138659733353        1.3745967267379922        8.1271686143300048     
   9.2578836353503444        9.9524037955548881        2.2364701902345252     
   6.6339048864464196        8.6423594280818055        5.6224464262724965     
  0.18741943199972022        2.2893254100569429        1.9396447545786644     
   7.8063623887227216        3.8138644234308083        7.9040579302015948     
  0.85370738735438323        6.9252540167922856        1.3944250634130140     
   3.5381304918239618        3.7255229298550341        9.2657844456110787     
   8.5091920247290318        7.9758452040440098        8.5025160738486409     
   9.0839220799495362        2.2993796095062082        7.4154251782398557     
   4.6348610309483718        1.0032432247489476       0.78938988963199508     
   6.7481629659378015        3.8736758043200767        3.9082887013667356     
   2.1504995563191596        3.9767207916624168        7.2992765392916068     
