         124
   18.000000000000000     
   16.967463103536065        7.4097727256673753        16.931386853674006     
   16.653738078781355        16.499861281975488        14.839401972073732     
   16.502920984638802        15.226902807006001        7.7467361483419026     
   17.996882177351907        7.3900334808158359        9.5030129046721932     
   17.465133225493421        8.9703853892295005        14.578843250999753     
   4.2303205072815109        15.701347996924028        12.189346347817478     
   6.8602924306293929        15.810097109121578       0.11534997772275224     
   1.1084232442271722        11.101860363026612        17.371491671945311     
   8.8237733972073453        6.6438895515294512        5.2166021588581986     
   5.2937026016927788        9.2437769109216461        4.6936924948053722     
   1.9933625557179147        6.2356203450542349        15.916954178625797     
   6.8272368842225308        15.573430299939616        4.8919079596840254     
   11.967013334936961        10.596870171509288        16.236996189722337     
   4.1341977840487427        3.4009084090153099        11.109034453472166     
   7.4158849097594528       0.70278096791760980        9.1801587731163092     
   15.881543592943768        4.0550646490478979        9.5624361184765334     
   4.0729888214950885        3.6540750547614849       0.48434051091546548     
   16.075535609444390        2.2613184098525023        10.649471119426279     
   4.2107804297531066        12.366667633409454        3.8090999541134916     
   15.609371485977562        7.6520113593233061        12.996191705980294     
   2.1957914652269404        2.1938750866740682        10.418923361708107     
   16.059370574836212        6.5749912524240415        2.3628660042943954     
   15.222627367684730        6.3748088003863499        5.3064376117208489E-002
   14.894088144506769        12.006195002158405       0.92056952490840160     
   11.534517800484508        9.4181614234489501        9.7948437760370126     
   5.7240288374444095        15.440628949042424        9.5316911016937773     
   1.6331432176146243        3.6488109841629246        6.7783167365066426     
   4.6017098880304355        5.4340803445939798        13.631086560163526     
   6.6525558103835971        14.382635294024189        17.868736800493135     
   1.2924765607564201        5.8190197921905380        7.3745662356352213     
   12.240694931504059        14.176645720454717        14.323394203818474     
   1.4014109399983035        15.393554369492385        14.056193698143312     
   8.2771465321450322        6.6329602038616446        16.784062238547172     
   7.3457430434167108        3.2374388048677329        17.841827409297721     
   2.0775119860660389        5.5740085721107366        15.096255977567392     
   9.7918228884679053        5.7884215011050779        3.4055822076786182     
   10.697741545650599       0.63529867133668994        12.185806494362076     
   15.924136563156440        1.6338608402171522        2.2871591984960027     
   11.059049664187233        5.3912779235299695        7.3608849621769723     
   10.366388086587330        5.0399081471731719        11.101182590025831     
   1.0038526215946251        4.0643267876932985        8.7831248422645984     
   3.2341975319547926        13.322078024533852        15.900644393588886     
   2.6917902536763387        4.1091536061904179        17.575234157882015     
   14.043454175294745        8.1990968238344770        15.204084474102089     
   4.9762615669761656        14.961549820716154        12.964159307948055     
   12.456722642535057        12.867837783017020        12.759065226841344     
   3.4781963749707296        3.5104010370903094        15.969539897809987     
   10.427883482989648        13.981743037499866        11.816145011601513     
   6.5802176186585148        5.7221000028273350        3.4290072721798781     
   5.1863113068822742        3.7751350050837509        3.3206597986026170     
   7.9984544527288932       0.68641574656799587       0.50906590637267257     
   4.0332517123324818        10.988967122061810        7.2979183105574847     
   15.343711293527681        15.379902184743678        6.6763146229781576     
   10.724213635505446        4.8464582012897726        12.588919763862577     
   9.3771104863577701        2.6025634342631054E-002  0.78596167316131460     
   5.5066407737882059        10.213136304011559        14.779295999769895     
   17.397854849051836        8.7014579095284184        13.608459498637467     
   4.3995890017183781        2.7551726588060275       0.45874751066650843     
  0.18918008429916600        14.190577031018639       0.19948396445773398     
   9.4689461244958792        6.0735661628642443        8.3560075667570946     
   2.3646180540373907        16.712463242444226        6.0298114327909538     
   16.233521043979263        5.3903931366428015        3.8847486752942171     
   5.8227555468995682        4.7458054667303404        14.659442662605931     
   10.524245078517570        2.4309755313568928        17.409783919214977     
   17.024290568902089        1.6503172732267970        14.109975654269656     
   11.958830441283355        8.5842082396264558        16.156275159627913     
   10.772864542860532        9.2133746673643913        16.810382676376108     
  0.47796846785530867        15.297783772705895        5.0211431741161530     
   15.367747386763714        9.4229348539021291        6.9116833206622470     
   10.848362282377378        16.696735710109035        9.8701075587360840     
   8.8866253304161731        16.736338073080567        8.5826916335029875     
   7.4639835037197191       0.13801026139485661        3.9945278616029705     
   10.142422612171737        15.339297458363951        3.8343316893160466     
   11.983090160524300        2.4390725332516698        12.880330612035078     
   14.435497435276025        16.371366922499920        11.127349999830408     
   13.541510169330666        6.5598172554579719        7.5202198418112118     
   16.360528040239810        17.958711414695657        9.8371005658762058     
   1.9499968169842261        12.304860936421349        8.6622898695490740     
   10.370048766831744        8.1727011995430541        6.8744167529439357     
   9.1660431569203595        8.0258196257655356        14.505316961134506     
   1.3346705983510974        12.011602875667739        8.6835728733578517     
   7.3486371339930532        8.2697434482111660        11.996623952843487     
   13.246941439371152       0.47447521458594788        2.4167300549547379     
   2.6086173756021123        7.1384422207421245        11.331448295361319     
   1.3651219218156869        1.8647095785734942        3.3426725990371455     
  0.52483892409208432        7.1137046624824487        1.9239159620875976     
   17.205570020869686        9.3464579275277710        3.3366814564018918     
   15.613500505777752        14.440500932830352        6.2718865586134855     
   11.044765022327526        2.0172828994575243        8.4491948069184737     
   7.5936362735160561        3.8689419080438832        17.014882444817509     
   11.749962142230526        4.3507832942999407        5.0855496837995613     
   15.339767955391505        9.8551212676590048        5.1548309779530639     
   5.4946806494291280        8.0633372987857470        1.7378111257966977     
   14.397988538924581        15.696281669301925        11.194643765254517     
   17.412574586921444        2.3272767548829116        5.5051063879618809     
   1.6630147222768450        7.6509970333797961        9.7454397154226484     
  0.57114022287662181        6.3839776311110290        17.620923444575400     
   12.635288947433899        2.2688620033827234        16.170245422030689     
   13.139381437430551        15.661627685011705        17.725837333730549     
   10.930924634829770        5.5825227096100338        7.2849890401329258     
   14.315248592140776        5.5168790653220938        3.1731113662197616     
   15.720834795796463        2.3079883431781845        2.2652550945861329     
   7.1398774647983396        15.949187968393646        10.259887274336625     
   3.1021872792570804        9.1301325140496665        11.307876396536642     
   10.680927677583568        12.057281876758207        4.4711491513984161     
   4.0288557119662372        1.1602002822159594        8.3444224415246993     
   16.717319402551556        7.0671711912319024        13.705062453475252     
   2.6205738482588554        12.235106205049432        9.8330622127062810     
   16.903811810378549        6.7146907260519413        12.624340972742948     
   12.257738116849307        11.049737562452973        5.4443638960855498     
   11.018568915084382        3.2472093469774599        14.169182664588723     
   4.5420241764599858        15.635204153175710        5.9818396267336542     
   7.6183288139634939       0.56491802140410075       0.71766798660543030     
   3.4039276209421190        16.921441618548837        6.2939051502657755     
   10.002236944726544       0.36703540513966226        9.1555622391543974     
   2.1121731367098362        13.142927997494041        11.605370652842600     
   2.7277846576845026        10.618874435219951        7.7426033264050496     
   15.559975776881961        2.8291085802151530        13.664183244718432     
   4.3805446473110408        9.5318033558594077        16.157289242049835     
   16.109438394874768        8.8635135294528595        11.299797472683583     
   12.275128618854790        11.754503683510377        10.130296738326246     
   1.9323835415021930        11.631889620600505        10.985768138970439     
   1.0932174586933106        3.2828231296438979        14.936858492420253     
   5.3835051048835227        8.9815629663874468        16.114982677276277     
