         500
   8.0000000000000000     
  0.71393253253453892        4.6198035145102496        1.2999841739807119     
   3.6000092484101112        7.3105174136432982        6.9816915762853355     
   1.9846830285241710        2.8621510122370806        2.4002665044775977     
   1.1945545528033206        2.4033699281619567        7.6044983630720822     
   5.6707539830173594       0.19816657797175008        6.3292236112827904     
   1.5273937186033999        3.8277726817217053        4.2201722427264228     
   6.6287957463495397        3.0703095945543790       0.25934504236512179     
   3.1483862772746214        5.4902474922034159        6.0075125696190259     
   7.1727014180993169        5.0948820294629620        5.8564918852353429     
   4.6475778032131156        2.7882575960483704        4.8197277172702950     
   5.5222634834539495        5.4343502976094573        2.3895551869189591     
   6.8484822088145858        4.6299635023999439        3.0895022104193242     
   5.5100588182502328        4.3825098285063895       0.10654400259397612     
   1.0371992212898640E-002   6.9115436665304282        6.8220098454097604     
   2.3161449645359724       0.35176642838740957        6.9441875775063915     
   2.6758222317204510        5.4929831433256213        2.7902119875979485     
   2.8785363586761017        3.5774403292346904        2.9614485731770150     
  0.44686033379611079        4.8863960629913361        3.7382577563205626     
   3.0292479161289343        1.7580408782825829        4.5057579892077886     
   5.2201349084812714        4.1164837990911325       0.18783923864961682     
   4.2018722714189831        2.6580449319651871        4.6805493015375292     
   1.8387568255933662        5.4192742448223337        1.3322532615727996     
   3.9603914209002760        3.3611651593515974        5.5613036235042852     
   2.0222400910670375        5.0255502870846538        5.9048313023726324     
   2.7776447985501198       0.83537220484244123       0.22673670268473156     
   5.2298026668825752       0.14591448626435177        7.4229598421897611     
   5.4140841359857106        4.0780216431029723        4.6921420942494247     
   6.0588393800570772        5.1865352619382739        3.8817132152836731     
   6.7093422577444493        2.2384425128078824        3.9991683212155937     
  0.46491139248172697       0.14006263120500773        3.4866293002996036     
   6.6079042993655399        4.8379505644088789        6.8530893761150704     
   7.6702105690567235        7.0780014203605957        7.1310114067202335E-003
   2.8578165975988155        2.7075163290816420        2.3659748873671074     
   2.0030025291173059        3.7286874741063309        4.8358133844803870     
   6.7714434614749814        3.1182516494095829        2.6012643169883551     
   7.5989219807480985        4.8500900627818506       0.15560911322297954     
   4.2908196851256051        5.5286065939909479       0.39421302863969476     
   5.6320466934882552        4.8568324206541478        2.9435079468670393     
   7.2681359942237940        2.8047735774027993        2.4694979007279851     
   1.1942940333357663        7.9236090918288076        4.6248184821414711     
   2.0801245258803700        1.5228325624285333        3.2204949856208591     
   7.5145697344723992        3.9418084554294470        4.3446170658919208     
  0.90066048462319070        7.3864787178504283        4.5637458340707653     
   3.6286791243150338        7.4464282422406249        6.3281254849502595     
   7.6095800817425712        4.6703510215279742        1.8393055267433907     
   3.1524595702885918        4.5095790994448421        3.4783955516040130     
   4.6741971858514431        1.1998949307353248        4.4230805148540204     
   6.7816581319114553        3.7620908384744096        1.2072971225356266     
   6.3996493128429011        6.9529870210066154        7.2930760228111584     
   2.6137747355470804        2.4790061647073518        7.7590500576379720     
   4.2898883007177986        7.9212961890666795        4.9070867037730403     
   5.7706150708965493        7.0435986442254395        6.5993865435240169     
   4.8431863206413093        6.6404615436756860        5.5459429552770745     
   3.4984887471743527        6.1137511893106495        6.3909132774900286     
   7.6179496413353114        1.9378329647998607        6.7468173689500865     
   3.0925018146266243        2.4846900569266452        3.3123925415976530     
   1.1195298686905701        7.3061122182309273        3.6646145472508653     
   5.9569902291291941       0.76198453116244558        7.1638529291244568     
   1.4184728377406808        3.3334281588350905        5.4464959642703006     
   1.4255618433677988        1.4823124097979168        3.4917496712887646     
  0.89552716633901319        6.3420203109504154        3.5392640572405565     
   3.1937754392402544        7.4761906851876372        2.9311126942322332     
   7.4927380117727802        1.0089630300813868        3.7273739581466794     
   2.8311231254914810        3.8145677806543317        3.6605279783739881     
   2.5574545572804555       0.11151897908640329        1.6405368438113044     
  0.23951489879807308        4.5369638400602010        7.7150267481426482     
   1.0712900311179574        3.9965819545504440        5.2083303884209373     
   6.9005786846607249        1.9086587946844364        7.5383312837977856     
   5.9880531645609443        3.5020790379097617        6.2748346649635849     
   6.7053161247206736       0.53121690140387923        2.8754007242851927     
   7.1178485121675532        5.4160464027043940       0.19834674114908868     
   6.3899444330370399        7.1391755023209553        6.2168450732043814     
  0.16803301264661030        3.9291085794399319        6.1317383089939446     
   5.5545179583911928        6.2988184217234204       0.12097506176416672     
   6.5124984393462055        6.8629629379913020        3.3561559490212511     
   7.3380130625235092        3.6822781585353619        1.0698734881289793     
   3.8515813806102068        7.5546634651000479        1.0266236963037736     
   5.2790832632321587        3.6141799293453403       0.90195173414595331     
   6.3312365716418739E-002  0.41635056062753328        7.6830519657617451     
   2.8991165306696889        4.5311802324830879        2.7327644376202791     
   5.4863579812269920        1.6681951665120964        4.4598182238294752     
   3.3689717262381222        2.3700450494470706        2.7118502719655018     
   6.7704114239770110        3.1965991242808824        7.9544422843337230     
   4.6546283302618647        3.4635044116082714        5.2937201557246620     
   6.1405555821007916       0.64998314600827012        2.9717188003516233     
   4.8437875462224236        1.4090120486160833        2.3822189927399178     
   4.1571747318823018        5.7114867103329399        4.1191715531564332     
   6.9335363189005461        4.6258847956375142        5.5265684586138741     
   7.4995799431257781        4.1839610920935630        6.1821341344670762     
   7.9905091944890358        6.0584829876810984        6.2177585195924161     
   7.4477750545384973       0.36180620873582647        6.1635303295987232     
   4.1006375126455552        4.3123351774424323        4.2953771519458943     
  0.53150079677094020        4.4207043891782352        3.1482525655866134     
   1.9862637875820548        2.3055552326372970        5.1343790136460967     
   6.3667499599417567        5.7253228800711993        4.8535185886965815     
   6.8180827941676680        4.6049371498007998       0.33996193915841122     
   1.7589520956452640        4.7351806108610486        6.5042305386699057     
   3.7549649978945370        6.5218836012095860        2.9208360552541519     
  0.19732778636152393        4.3834857386130155        3.5888147109324624     
   7.9411050957920937        2.0814418396740164        3.2156093993684634     
   6.3197732798546369        1.9516430279391246        3.0447092326188905     
   1.5163064258839229        2.8042872331212605        6.4784441429015951     
   6.6509122144066906        2.1715833924058643        6.3641630883844673     
   1.7941118805132614        7.5007065972646121        4.5918168122757859     
   7.9378463545219127        5.0761039415635061        7.6371545375818828     
  0.96530322168784544        1.2325417367943059        4.1384298953548253     
   6.2165921244541487        2.5949327100029809        7.4857082469479561     
   2.8915654918742586        4.2385296427884986        1.1162748024937974     
   4.3565219228315835        2.5316555143772570        3.3686540294445528     
   2.8907335153928155        7.8972254365124677        4.7345677270810844     
   4.6134717814128443        3.4037913915552727        6.5010142787321481     
  0.39166416828180850       0.42856358089548152        1.9147147180480397     
   7.4050270483653859        6.1452581845766892       0.95684693261058751     
   2.0758911733037788        2.2047140609771274        6.2912425829022345     
   6.7420955681189794        3.9642017233514801       0.41719950469773082     
   6.9307751025416655        7.7332774593135643        5.4233854131962076     
   7.6355252789053845        3.6023949609875627        5.2572858007829515     
   5.8077569882772622        9.4836640449470266E-002   7.1554921464260790     
   1.7781142207536149        4.1365561835880067        5.1281489687821553     
   6.0195398208078492        5.1314619063195108        6.7316398786950806     
   7.4179677662523122       0.39893193737590238        4.0441118416813815     
   2.9643921691300426        7.5313213059927815        5.2020272982231592     
   3.9913382111480447       0.32161041332328733        4.7128803065342177     
   6.7187564989394044        4.4886138414017314       0.27091485791556646     
   4.6904757657962914        7.7186435201074657        5.3402206853879699     
   2.6705049668889105        1.2948726062424374        1.1479422007590072     
   1.3226935015370200        4.3095662865922586        2.4475305054815575     
   7.9157387039208125        7.9646204085995214        6.2928756929050680     
   5.5198493129882511        2.9114297883588094        2.9907102991693497     
   4.5384443210677237        6.0073008331606426       0.14049911284826422     
  0.58975782641116847        2.9412517732315466        1.6494371981190508     
   7.7160140395532455       0.69430375162069691        4.9346995682736301     
   6.3584777526431786        7.6886008614380952        4.1496052390746430     
   4.8001726201639752       0.88372027449566293        3.6563750480984059     
  0.17862029984010608        3.1171197224075584        4.2417885093420189     
   2.1018034608880489        4.8410354427777964       0.29725924118246461     
  0.72171525523043734        3.4922623229342351        4.9780513226665892     
   1.8771301702799725        6.3491996453248687        5.1072916625406242     
   4.9117661983975127        5.4581726723230020        6.2445106500659788     
   1.9222555130132806        6.7470982771630998        1.7596744961794002     
   6.2402245275732575        7.6222529388571925        2.5127171846451875     
   3.9491139647981308        4.4885840539935744        1.4723905938349304     
   6.1730277476534923        3.0324490358497069        7.2386532129631354     
   1.4188309123972545        5.0763426228953792       0.90284333559849284     
  0.74477206496137605        5.9520961068471481        4.2658331933650881     
   4.3516389829543085        5.8312381121495820        1.1144349556119453     
   4.3489260705654225        3.9690868478239780        5.3614708774412652     
  0.29213512367665828        5.4653553312535541        5.4246176256246184     
   7.4636126137111587        4.7028131007142422        4.7800852311179973     
   4.1566247291748919        3.7681548951834687        2.5200918254642657     
   2.7651652704790015        2.0217024764297742       0.52037578443392984     
   5.8701242222972594        6.6772224697444740        1.4036147729872495     
   6.8356210245711884        4.8736722674882857       0.11181934491449397     
   6.4091361948198537        1.5276591843122640        1.6763980714706719     
  0.28243184429884138        1.2265314055530245       0.90111005242140418     
   6.9164500423369466        7.7885133286016384        3.6914909985918074     
   7.3673128842105635        5.4502762194283676        6.5473007489946022     
   4.6946032981428569        2.4592249217179152        5.9502198921014493     
   6.6703373880266090        5.1131643108948301       0.85370224544448359     
   2.2623660279742790        6.9962486998880440        3.3930647449020190     
   5.7208706969557674        6.6801537957002326        2.6832746971483408     
   7.5607527526498384        1.8114766109256477        4.3335204337764823     
   7.8919326691792202        2.2326436216430547       0.93558553921927157     
  0.57451609234151224        6.6171231787210960        1.1499830978461061     
   2.3625669189128553        5.6092675568260972        5.5625913828950164     
   1.6032173724148890E-002   3.9145931906473512       0.76659523389645567     
   1.6282968151372046        4.6071567953665209        1.0915483518401423     
   4.2501097081745876E-002   1.8326372885190798        1.3859894080058952     
   3.7175878706546817        6.4815926630322851        4.6276147324985946     
   7.7914634952395510        1.9925569017836642        3.1100346879909351     
   5.8063551082748930        2.1446312479556155        7.3667408858502359     
   4.9569141149305969        1.8001793868419522        4.1690942361544439     
   4.7071726572865851        4.9386557470222892        3.3874262322164368     
   4.8793215017125933        1.8865902368190639        6.7697238384929941     
  0.51245396783525976        2.6607859188939660        4.5168527019805138     
   6.0213107948256059       0.53430593766846002        4.2144274110786908     
   5.6506905501992941        5.1372530425865950        1.8489290411704919     
   4.5531300464589588        2.8138890975612032        6.6064139615382818     
   2.5008432818374473       0.11754586050628024        6.3342003107765086     
   1.2907187780761404        1.0859481541506479       0.26263714719915132     
   2.0777786285430144        3.5230675891525118        5.5866886834094958     
  0.28444832664483055        1.9461411009100251        2.5501016929141676     
   6.0449039532992961        3.4465064592775008       0.32092498748858045     
   2.1211280628937574       0.58383140615782647        6.3396875624213553     
   7.9060585758729749        5.1143336768328176        3.9238540312463419     
   6.5500183606031923        2.0658110894118726        6.7536721495417948     
   3.2834636154385493       0.95995622709660910        5.6211374587841796     
  0.72851863695543617        1.0953273207647767        2.2575754691015248     
   3.9602267719985145       0.33384964995891142        2.3383942377346116     
   5.5466335919120304        2.8400231456677165       0.14280117582701646     
   4.1184556444548335        2.7663060302296580        3.7416127353638373     
   2.0581448063438215       0.98110196065215138        6.3787284203668113     
   3.0094003554677826       0.59033422015049819        5.6630192403495538     
   5.4235731420670366        5.4559487296383686        3.0155190658616089     
   5.9467888627169074       0.13941482906932645        6.7766272361283519     
   1.0046310047227243        3.6553656554255420        1.3942441910015617     
  0.15414134659324485       0.84551112236704284        5.2782168535769669     
   7.2623949075373728        5.8129607307245701        5.0789058602556487     
   4.2006654524719700        1.9288116400352804       0.97836446642001285     
   4.1993118706705630        1.9239166626175885        6.5931238735319635     
   5.7711087411039186        1.8956765116923835        2.8464928513835561     
   3.9646729466951047        5.9298878689776267       0.66891650161540195     
   3.8498107032944766        3.0626198215325511        2.2301846950924187     
   1.2813818994757629        6.7550508716003197        5.8937170682336193     
   6.3651907933575265        5.3029223184670302        2.3137303501760549     
   5.9946363343349152        1.7280579779647827        5.7086916465865221     
  0.90625086624518758        4.6918213461038674        7.0068374056402787     
   7.2992801895367831        2.7918780121403346        3.3716854548245010     
   5.1028626987028005        7.5289995071945421        2.4168540530581186     
   1.0477504548817178        4.1827897371751632E-002   1.2148306521523455     
   1.7511075419449069       0.62779065379525445        4.5981023306779871     
   3.2788934763450674        7.5975128617911825        7.4546858079206091     
   1.1841476421772139        4.4316701530834663        6.6493934416972547     
   4.6329942344031751        7.0826438355563450       0.10455575025829766     
   2.2867934918774973        4.3353776884105564       0.82974675458810587     
   2.9533363720442960        5.9449255199987476        5.1391670757151076     
   6.9344352886975686        4.5892352140520627        4.4310180861725854     
   1.3371531978025519        7.8272991245197119       0.90396319232618705     
   1.1869754297032182        6.1692183308039867        4.4925428539716723     
   1.1384249586149053        3.3248705746702045        2.1500330907542828     
   1.7125433379004171        7.4589425822182021        2.2550442189039952     
   7.1808853943302733       0.38512397282396016        5.6974904787213418     
   4.5735741987063472        5.9951875948161142        1.1248810070471036     
   4.4775847859478075        6.6190997203430841        3.1767232936254430     
   1.5962622845461798       0.10884592610858768        2.5679288479463152     
   2.8570856809735101        5.2195747888774111        5.9986431634522477     
   7.7588082912032430        6.2691978930630894        3.5149764418840679     
   2.8502573588018176        1.2428967654415155        3.1327353825352393     
   5.3314429314429681        5.8888463818823764        7.9019534986402808     
   4.8867636241891326        7.8962691641183751        7.0915945977771448     
   7.0513236830672286        7.1866172182961252       0.24692162182092225     
   7.1333949743961735        4.4831532463904873        7.3611771980881651     
   3.2878837892059103        2.6734656363081584        3.3031012864417990     
  0.22060932563973523       0.29916136927776993        5.7352113163336735     
   1.2130858426320552        6.3859608159573078        2.7489784444417245     
   5.7727726492962157        6.6365454264179560        7.8247564011723174     
   5.3088956585803793        6.9493276894934706        6.9702044647840129     
   6.7004246624520700        5.6357334240620309        3.3285314625826539     
   5.8054924736261411        2.2979046298762604        1.4575781730841681     
   2.6091362706711188        5.4679678674270011        7.9545613603316960     
   4.5957286213685578        6.9479370467154213        4.7036298276809081     
   1.8121394033846272        1.6501897091155211        1.0119984636195012     
   6.2675504479189037        7.5224344370174130        1.2173481960540027     
   3.6197031853446333        1.4992560977427551        1.3816653642345953     
   2.8869327402376523       0.40151945410924661       0.93500436801442355     
   3.4461598808168619        1.3281930817925396        2.8159877219491642     
   7.2532020583996326        9.4047074128627450E-002   2.1289351889681472     
   1.4040817244442083        2.9047626414070500        5.2630866381656363     
   1.6677233908603935        4.6584329837823741        1.4448850641799549     
   1.7509555107214663        7.1421038327359758        2.3474204857969800     
   7.2543599095399536E-002   5.8191918136552161        6.7579403207171813     
   7.2781739255444222        6.4392853722299916       0.89635221031382972     
   3.5417206206814607        1.1407389932151277        7.0379780083524608     
   6.9107761340452836        5.4652223089031313        7.6221511163812776     
   6.5519928440091606        6.3441275746132293        4.5936475812580007     
   5.5794833268156667        3.3042045057674825        4.2991291376643250     
   1.4338975063881021       0.65506558799683479        4.9896705510300654     
   3.6981789187682015        6.4975257745171024        7.1604661216982670     
   6.8528682274846018        2.1116339856603243        5.7659466061023039     
   4.1316657179147942        6.8372285136229705        7.8714411020136232     
   3.8061388438747539        3.5175773541483917        7.9368130366778544     
   7.1534771659733467        7.3567783092272521E-002   1.7635778193877725     
   7.6107791954707436        1.7457195389914055        2.7121246471633524     
   5.6729854620412725        3.1516461891423457        1.0222129014546439     
   7.2349701697470996        5.2134187157400751        4.2717086029627733     
   7.3037583312131353        2.6806215971277085        5.6902252380660165     
   4.6522746733163736        4.0613381807747233        1.3643357486501930     
   4.3248711831702273        4.2491627064494955       0.55808683211039600     
  0.68126787589564319        7.0916853192740739        1.2844845910263514     
   2.3825405661126249        1.7398310843496976        6.7100799726382112     
   6.6218370360221286        4.9808189111665717       0.28523029584263693     
   4.4088532939465557        7.7468545833542812       0.51814947736296801     
   1.9932110877256122        6.1366835349608335        3.0325450161762415     
   1.5161080312977937        7.9789199972670009        6.4420620654003509     
   3.9385010716248150        3.9527951357114377        1.7274186350358658     
   4.3505329014109302        7.1594962244748128        4.7146191277368814     
  0.51724944756310975        2.3250724856295601        3.4893974140244657     
  0.29498934226266904        7.2338929506034395        2.4542131278712667     
   3.1796430117961538        6.2676694508062081        2.1965737947269659     
   6.6301769074147154        6.2104742279327549        3.1830321947506333     
   4.7302435608831068        3.2002425381767283        3.1411643331222550     
   4.0931511303027897        1.1067234479480943        4.9362445322706447     
   2.4088997568610386        6.6971472443174429        6.7875645077463860     
   1.7416760426576037        2.8570982637033522        4.0430833989522696     
   4.8863465200867040        5.7098680946779927       0.56318131707783348     
   5.9507446377746502        5.6878404080998708        2.1134185433000665     
   4.8521357653169765        3.9071693863079702        6.5858394386409627     
  0.75325513604734962        7.9422732840527228        6.1609810302607579     
   6.2909218775230045        5.8415024286923458        6.1308673627230350     
   7.1362622531749347        4.0712412075116067        6.5800393145390297     
   5.2200308862225331        4.2570533479195127       0.61644000371155983     
   7.8676346584365948        2.3162128497867727        3.4268128815334249     
   6.3727039058379411       0.74232078499000576        5.8790037405390878     
   1.0443609963034239        3.9155981094999071E-002   7.3056785118824514     
   6.9613280549997372        5.8651087203098555        1.2218716111077335     
   4.8419010357970906        5.3378628539985931       0.91890386197083007     
   7.4154399001170370        3.4667614980762886        2.9143664400501450     
  0.77654657237038283       0.23338840704517771        3.2716362719807011     
   3.1546442632887857        4.6432642284255419        4.2446550730091328     
   5.0603777022201424        3.8329257591914629        3.4017119007523835     
   7.8206103636125377        4.5638469144061071        2.6782590099061760     
   7.5760667793217014        3.9419370956317330        1.9592333714900088     
   3.8642370711131502        3.4825133360856180        2.0616595575599677     
   3.0066179347164583        3.0473336105942552        2.1025957528209114     
   3.9855676802773061       0.49846335092425864        4.6513172995185670     
   2.8405865536832815        6.9324725039793620        4.8630690178275291     
   1.3257703848056392       0.17419553654431397        3.9887738300422608     
   2.7819995435073182        3.2406340640983533        3.2535161600318059     
   2.7662560931801226        1.3922238537429150        7.7446294295133198     
  0.35437430897542566        3.7790133750567048        3.0632956161074469     
   3.6480393819613841        3.6613747884071817        6.7324685824526087     
   4.2296164946669528        2.7185645879279887        1.6796213068515797     
   5.2954575362057410        7.4165401701882967        4.6809326094747199     
   3.7786513117421832       0.54894815099871241        2.1238486610401131     
   4.9467724989594934        3.7606977450011305        4.5641526271204684     
   3.4088302456872110        5.9738633500643248        1.6522085528098245     
   4.4504947157737300        4.5218449015687003        7.5280893115223790E-002
   7.4169850843094896       0.10546066215106631        6.7534948655830656     
   4.2742781862391332E-002   6.4378377092345049        7.8111533385469745     
   5.2668282948813578        2.5751709454867191        2.2968059859224299     
   3.3613626817621185        6.8497429302787669        5.4126009679219171     
   5.7766064731473143        3.5904730228648027        7.5529557467712785     
   5.2297516745875186        2.2972550671460290        2.0679024525166962     
  0.64418842657138509        5.2206417525957436        1.7187330301083090     
   5.3493909540929723        2.4456019017856097        2.1822160003193281     
   3.1606879915574044       0.16751746295323500       0.41420112511014295     
   1.8894307177107272        1.4743895684113184        3.5450942307866633     
  0.23094611974924995        3.8613394361773130        6.9425286215499993     
   1.5841244825750804        2.3396883357036975        6.5842414501333622     
   5.3787448281490100       0.52887086726853294        7.7042647888638776     
   7.4601313798224593        5.3583094827957991        3.3185810621996419     
   2.2873084071782523        6.4986648660567390       0.25712188774775058     
   4.4046042003371939        3.0593647304407385        3.5696034487351511     
   3.9839102225946021        7.6548196014697405        5.0688309461793706     
   2.0098187872313922       0.47559330016024504        4.6373430162278968     
   4.1931262091580797        6.6479335652054514        2.5370954502188541     
   4.3177781770551666        6.3515885776888990        5.0727034563992248     
   3.3464323678758943        4.5908649881444497E-002   4.5652343536564279     
   1.3094695138809014        4.5020833998680834        4.1619469861462477E-003
   6.3821664457668508        5.7510972481522344        2.2286595545143610     
   2.7448629347139191        3.3543063284230783        1.6031183240953828     
   3.0588497557996419E-002   5.1524102204304043        5.8995568240150238     
   4.2611296460074710       0.28486905108291971        2.7638358974828510     
   7.3491977089871945        6.2781079280146663        7.8324013684202054     
   2.7614597408617776        3.0363993108279947        6.8974358657237405     
   5.7337603897521614        4.1481634721326026        5.6378906890867455     
   3.9563770581898305       0.56948354346937879        1.6041279621674596     
   3.4028162333993608        3.7358849966850292       0.23388400276426768     
   6.4120940586194379        3.8477521498169418        4.6229334177079906     
   4.4129701183397607        2.1602689659746872        5.7483295192530557     
   6.5745601165846788        6.6283692137984938        3.4141801891884578     
  0.78928057151094766        1.4039636450102808        3.6432559346942712     
  0.33672886659272194        1.0613736337044379        1.8107900358245477     
   1.8131311199985189        6.0948305652776025        3.3825392297841219     
   3.4512973282108828        5.2185637067211088        6.7394795242774395     
   2.1477304766723444        3.2727058835753109        6.3220347211186168     
   6.3956342610369123        3.8265264257068958        3.3755639366209369     
   2.1189489158016688        1.5291602860810647        5.6096545720620261     
  0.83901183310971117       0.55980677631164255       0.59132737692867110     
   7.4473477106900070        6.0050173478494520        6.3226250759439644     
   3.6952286369931908       0.75995244783218663        5.6417983683994093     
   1.8732703305975127        6.4245072818088627        7.1216291135537144     
   3.7128893390397248        1.6515593747331190        5.8708766060247193     
   5.2810098176819684        3.3184151680627769       0.30096195532908876     
   7.7777457787306394        4.5490261724374195        6.7541135475618201     
   5.7117407436441674       0.26675555656729966        2.6820406122089588     
   5.2107645950736980       0.29517078133847630        1.5850352320710259     
   6.0719047882123869        3.3964669772867717        5.6838977054510416     
  0.48216961838158401       0.28046451616855617        2.9793835914195004     
   2.8444430708989117        5.3815350781942861        2.6593203169961850     
   2.6204977728809453        5.8966648481628123        4.2690919326579868     
   2.1717705274169692        1.0697426835169255        7.8536748822264615     
  0.50323223863910904        2.1248699363101018        6.4029874412595005     
   3.9575896111846296        3.6180227620392076        5.7078050192247636     
  0.99706318673344363        6.0810907259141587        2.8054081440972958     
  0.30761192401683246        5.9280528897492921        2.8239373979446087     
   2.6533119205858657        6.6208504635058247        6.7119941551458702     
   4.8784123788930849        2.0632945674093124        6.6308656225228475     
   5.8995856245444660        1.5728056801821984        7.4342377087848606     
   3.0852306318862341       0.80940080734557185        5.5225068251022691     
  0.71358570765879126        2.0392652726538509        2.3622657073249202     
   7.4964924205506680        1.7591991973208030        7.6531061925566171     
  0.79837854128548447        3.2749603564191716        5.7813399730484960     
   4.1498658358061524       0.65796364976009514        1.5948924780725315     
   5.8705262146310151        4.1769857445575465        4.3688416486282353     
   7.3301190116931920        7.4938042707377859        7.4690413932921560     
   5.4530373053938028        7.9190372507188167        3.2564978981615589E-002
   5.5754061247121056        1.4971040888305200        1.4137821870898470     
   5.7711427580588373       0.16241387396897622        2.0231191375892053     
   2.8339365668128753        3.3557317657609431       0.79808413140292789     
  0.73945114021253300        5.2873088300432611        2.0986557450517971     
   3.3445743217706259        7.0565357188831186        1.5012517646734489     
   1.8512771171536233       0.85530349609881906        1.2687615237350380     
   1.2041115254666224E-003   4.0613445153164971        6.9782552049867013     
   4.5774072150283427        4.0421955517848751       0.72637096105336063     
   3.1478654275211202        4.8224614707877347        3.9184391811675212E-002
   3.6693638084691660        5.9473430380650800        5.5300251606780559     
   4.0787208675648960        6.6264710888372402       0.94620489490802040     
   3.2332727702494850        3.6699563231352039        1.2340006787131657     
   7.4263398103065255        7.3993581200735932        7.2106605639544528     
   5.0814185165972106        6.2969130820916064        1.5577772453788530     
   5.3103369092911175        2.4802558976232882        6.7185375614902556     
   2.6178790449612004        1.4627515568722789        2.7702028671233743     
   2.9391216576454742        7.5987474411527050        7.4897302173300186     
   1.8531880420961411        1.1313654808527840        5.0410452447529597     
   2.5311303383446839        4.5938610165956808        6.5483029783603994     
  0.18585165489273248        5.8322621132550330        9.0371699746231826E-002
   3.4866362421091042        5.3502804260143186        2.7946827825576150     
   6.5121673176074504        3.1748641409065117        1.7781712582465161     
   1.8510581596358708       0.89396052769347278        4.9715398912726920     
  0.55322105862064586        3.6255509152387040        2.9005037012041894     
   1.0465885174968976        7.6839855402159252        1.5779646635592561     
   3.9457255658032313        6.0226424321385252        7.8849527216986948     
   6.5349836644475747        5.7537619939767568        2.3858541213534643     
   6.2278368372722221        2.5930165302678194        4.5889081439257984     
   7.3155014401554279        7.2171497200659704        1.0738238056099645     
   5.6481360313348761        7.3251798609746839        3.2669683599085468     
   2.3257995229404544        7.0885232355254297        2.6738984100066210     
  0.48218585983063189       0.28949509758800840        5.2765493804561752     
   5.1899134891451038        5.2155354469363306        1.8086797230282823     
   3.7034759235144259        4.3091427244330101        7.9709106371471306     
   7.5525289113564815        4.3789980476884072       0.11782851915707404     
   3.7881334069408874        2.2404234390675688        3.2592072043569180     
   1.8788546432484852        5.2668452831712864        1.9326059961990145     
   7.8518883630261787        6.4608400737825846        5.4511985839889334     
   2.6526175124224984        4.4863362185343005        6.3886295926489103     
   3.4651168473505054       0.89369027104767262        3.8915255006393386     
   7.3571762811275603        2.1851147746304420        2.0206434953758148     
   5.0204477350255337        4.3334924178200209        1.9084507886701934     
   2.6552092827198459        1.3116160523741192        3.1835500764143898     
   1.7042061010644565       0.11809710587366151        2.4154286940964766     
   6.3713713649624859        3.7021250264332757        1.1192584160785310     
   1.0957684108669774       0.58602963406108355        3.7987028116330217     
   1.7085087219010555        3.0241884122036602        2.7919824152888832     
   3.9744483220014732       0.52937578216522141        4.0421894834527095     
   2.5356983080221225        2.6547039371635606        2.0247930978025517     
   5.4402801601008912        5.1387900221171030        5.9857946522909851     
   1.8729927572594764        7.8597007867539057        5.5057875527348425     
   1.5631537172952701        2.6767599341451893        7.8238388669621735     
   3.8230260660000406        6.7394428486509526        2.9040786499573708     
   7.2795896870096710        7.6105085964515986        4.1860181637520775     
   6.9509178389724271        4.6092785900280573        6.5067774534415612     
   3.3180426747565983        1.3388340756682267        1.7569044035298891     
   7.7909254605110512        1.6746680264841531        7.7304486024564971     
   4.6249546854902723        6.1859465574611869        1.6009482237363546     
   4.8817728547691486        7.9893676067718360        4.4013200601148723     
   7.7551198971014870        5.5151478282569242        7.2509141690971646     
   5.0938547197853312        7.2782819056127988        6.6303316684730991     
   3.8953620788415835        3.8252026062643161       0.66694477899427440     
   5.7501016466461605        4.8942675227118482        6.8322562266949856     
   5.3032635851738101        3.0139878977590628        1.6930941157894113     
   2.3153243007188049        5.3898682705908572        3.0723763950257874     
   1.2895850798727073        5.5740587226668525       0.60380790497993519     
   4.2119651377431291        3.2092473899908081       0.22967243783947389     
   3.8829060175338297        2.7612164605578737        1.5840850977068461     
   6.1100430866300588       0.76322073248659716        2.2494162179845274     
   5.8853367591340353        5.6790581998027179       0.97882253966576105     
   3.1790687960804647        2.9208939050818294        7.4051356477872821     
   6.5114139601881327        5.3368989981380572       0.45254284347946161     
   7.1659555506365882        2.8674990371454712E-002   2.8165137180811870     
   2.3970152139893628        2.3522215169330956       0.13402218035227786     
   7.6588901544289714        4.6823997436978289        3.2679989697709413     
   1.3603016326748927        7.5580801321299003        7.0898217573723299     
   6.5311549839938587       0.19362361959832963        1.0318686047830949     
   2.1809705371296548        4.2726159847806278        4.0568796078259597     
   3.3818485739667539        6.7268971452190405        1.9066950884662246     
  0.27358526973012598        3.0314488617094639        1.7778866694836051     
   1.4635775242938172        9.1419537021126374E-002   4.0743727730021950     
   2.6143392950275217        7.2736138243879651        1.3880373928809515     
   1.8217925600045142        7.4807912479364020        1.1268241017299365     
   9.3902572753407298E-002  0.57748403646707214        6.9797196135460258     
   7.5804924272440717       0.12927836209149568       0.69723253683496100     
   5.3039634052350095        5.1207297442779902        2.1192201425520407     
  0.90589124388440023        5.1902501572395794        2.7265301990815596     
   5.2762874479244584        6.6431347477383813        2.9930596020723819     
   5.6103496626187335        6.4594084381733081        6.0566097540897195     
   7.5987161653184367        5.3434023377207653        3.5795460270717241     
   3.3446358403990173        7.7504796042137265        2.3694544548386558     
   5.9032197399545323        3.1384616130068341        1.7361547721604369     
   4.8937729859080177        2.0906341932354966        3.4018094401131647     
  0.32739175418594879        7.3257186924544211        6.7465226018252427     
   4.3402319054242877        1.9401075228820375       0.65494448896208723     
   5.4062362586031920        1.9055505220901416        2.8536634000509826     
   4.3977975051789002        6.1342888387309991        1.6260181314448729E-002
   1.5876031823128089        2.0060679956180421       0.83163016257915601     
   4.9780895323714693        4.6848068760228108        1.6195316982231232     
   5.2683331644529146        7.2590621857204871        6.6750357329095698     
   6.1244306568799871        3.3274871465834215        7.3956240685972334     
   4.2432796683024554        7.3244555046247379        2.8043689219817471     
   6.3943985500676659        1.1456040113464852        3.8769845419578450     
   2.2401782448435954        6.7844323657654790        2.4334912131465147     
   3.2940485643387474        2.2969391165096011        1.2547040065862749     
   4.1071466956586278        5.6471737833104099        1.6613393991500169     
   6.3056276151145401        3.4426395982181184        3.1875292856145752     
   7.0246592794385903        6.1642286057001456        3.9334128720310018     
   3.7694414600786237       0.72417411119563813        1.7622098088074489     
   6.1920039060708145        2.5472742504500063        2.8420956736538825     
   6.3486086438377800        7.3778162373709533        3.6900945856505363     
   4.5338820480296649        2.3674602506552800        5.4579825777241906     
   4.5938935060303203        7.8084314662455929        1.0096064678673873     
