          50
   3.0000000000000000     
   1.7790446987169464        1.4899746056257337       0.76691087071932718     
   1.1095292102611956       0.64024394424922260        1.7090711668550240     
  0.92210353760689279       0.36342372771694986        2.4122295094738599     
   2.6204361521505275        1.4821589762727607        1.7536396444107072     
   1.5355686330208504        1.2822202719499045       0.34500814125022627     
   2.3717272062733881       0.16552448671323949       0.18147217002288552     
   1.6400417002202219        2.9556362668245222        2.8676460979521536     
  0.15215246703461216       0.36912847433675811        2.2453156601639623     
  0.58202772996149355        2.3070329963028491E-002  0.61152400875948709     
   1.0395965182984881        2.7166743464441816        1.9720591105358265     
   2.1330847811264770        2.0028363631721016        2.3050519039853041     
   2.3186468679406933        2.3626442456073247       0.47848293470565595     
  0.75396905404716963        2.0406273316220958        1.7650824866529451     
   2.5517199627445950       0.49597806659078980        2.8963542379346383     
   2.9313731829681484       0.21421803492754776       0.54188361857632505     
  0.61471893753460605        2.3515239580699845        1.0243479557046076     
   1.2481764907687198       0.68659316385338054       0.97234808670228856     
   3.9228646383806076E-002   1.1727932310746585        7.8667009172725955E-003
   1.6620782973492325        2.5550427635702904        1.2232093805652409     
  0.14001263003181563        1.2705035422294721        2.2448411815725504     
   2.7387835520065154        2.7702891088304593       0.51410500607571596     
   2.7363410029292372       0.89710418783331192       0.46333179854348694     
  0.12925309999068457        1.7760754789031818        2.6245594434443169     
  0.18770737011317273        2.4233369381026302        1.6689084047823362     
  0.67356566878590152       0.10032225251649773        1.1931066829329708     
  0.36008807967017176       0.78848226817847999       0.94222445780829478     
  0.73759630464160875        9.1330334189052564E-002   1.7978260714616368     
   1.4029331217407794        2.6482185986453284        1.6798158471402846     
   2.9540578538322384        2.9514908553781609       0.93535109295959740     
   4.7262755295483627E-002  0.46187929555200902       0.15194058719676440     
   2.2773715714677860       0.99869556724319863        1.6642328114319647     
   2.8122369096719178        1.5202314429079928        2.4497400183431033     
   1.9791035457685622        2.9088844119628225        1.9425645947515906     
   2.0055491885530325        1.5816763320578806        5.9250498214360570E-002
  0.64745699808534252        1.8802127559737913        1.4627454955782289     
  0.22951234313025892       0.33571764082009636       0.19120710667975394     
   1.2786417277769497       0.80967992583026760        1.8028121629015428     
  0.47381309099317492        2.1334094004735009       0.35433377308081626     
   2.4930367573090493        2.9600647319841085        2.0838437939022092     
  0.93471329487918420        1.4555269055535454       0.64536312583739452     
  0.55186154406533217        1.1859357320299388       0.86943641243005598     
   1.1310813346905078        1.2445052524773810        1.1472601329842878     
   1.4658933528482443        1.6625656519293139       0.49924114546851428     
  0.19814764642688643        2.1878938344182428        2.3000985625675492     
  0.83746605519914152       0.59740850388465061        1.3660469808644171     
   2.8513883301969107        1.9005604067808202        2.2008222033096887     
   1.9152118475279696       0.36287176296104029        2.3371948334994563E-002
   1.0600112154371122        1.4159342366665855        2.3558192455572651     
   1.6264204424042747       0.60124225509324081        1.3392250636592613     
   1.7393297332055515        2.7837706716416957       0.28323364916141802     
