         500
   18.000000000000000     
   13.298499644644775        10.093334836502217        10.909030909214900     
   9.9408546428693398        5.9603142278631616        17.146420792907328     
   5.3593461202243917        9.2295641458738551        8.0028813026336003     
   13.520869916994602        4.1270941076800547        7.4994236438722730     
   13.922408335664393        7.4891191665335439        12.302691542568960     
   11.684325025625425        7.6408765334015607        3.0555234180084576     
   6.6990324585732353        11.225734343358420       0.65702197928871664     
   16.975788059305195        2.5831024405883114        15.762341531799573     
   11.065871528197142        1.9605735100415917        8.5280901838845455     
   9.7311117301016914        10.880295865237239        16.004559191576782     
   4.0665124837446980        10.895193073505022        10.441485858240478     
   8.8851649942585773        11.270203771262608        9.2145981858344097     
   4.3276040842688026        9.8701233178564447        17.426007186402018     
   17.811828000955582        7.2231110874259130       0.68901901034858071     
   12.425560445402446        2.2682890135436233        15.646990854986434     
   9.5117938144426795        13.114728933742967        4.9381386141543029     
   6.8516473935544635       0.74418518267151113        7.4411400470121372     
   12.010775612810635        17.654815099743395        9.8773657927435412     
   14.843790676729474        8.5648774989533916        2.2317575678820454     
   17.026859412894698       0.28064214235176999        17.113295983835734     
   16.306524239480570        15.947156883756891        11.485767810817974     
   4.6175957719622556        10.555729971258190        5.7830181668828677     
   2.9357607983666449        4.8775346268587132        9.5403733307591381     
   11.990039324503917        17.294713132425326        13.241466512097846     
  0.46832282601651531        2.7932926205895074        10.858532798649378     
   16.047814147835169        1.0264156531842283        14.952951923560084     
   15.974906669473828        15.136745935252545        14.824523235065755     
   14.776923251821275        6.2396579283659559       0.86311168991527665     
   8.2287425152136571        8.9981816760575768        6.4753941807122857     
   4.6952706838714793        6.6091157817861426        10.131586021836567     
  0.43855928053902260        12.564253500217710        14.586339200911180     
   8.7971633699082972        16.337304750791731        11.534833264616871     
   6.0849806535592466        12.238381908252892        15.534875386944973     
   17.695176300271012        15.869925522735816        1.9781296439968306     
   3.8870386954634863        2.9218084232983337        1.3497523872563602     
   8.4756937322419681        14.471698378159438        2.6625465841323699     
  0.75540303330566538        9.4292763500941508        14.266913362569044     
   12.729507279148702        6.7638660917435827        4.6683902851233929     
   10.490673768874556        11.990152883430660        6.8136983718194832     
   12.215666343728428        10.927421459692088        3.4816330772465527     
   11.303157030007595        17.505969504968334        2.1442437708978845     
   14.960944198494857        15.994199762677006        15.054845742245778     
   10.916405119430388        5.6932779332738139        17.503479225944616     
   7.8496249308167743        8.2114378576121414        10.665582366866325     
   4.9270974621051922        8.5753272622540013        8.7347449753993569     
   6.0048967444822434        10.850619915111475        3.2899058982476026     
   9.4993506742922147        17.236505560073127        7.6590794557315363     
   11.674750603141705        13.308649713536452        17.739303320600278     
   14.649955365262828        3.6179529883297787       0.19906983560394442     
   11.125299030909387        14.525714180548739        16.162705687020889     
   14.045784504411756       0.49124428400763342        15.395329826942763     
   3.7692725403856668        9.1076694329451087        17.319251506412950     
   5.4416688723829605        15.948412290573176        15.194676095462421     
   16.191753715636878        4.4712633519380445        9.7600543271820381     
   12.660692787318320        15.781977772840403        8.3252880495110997     
   13.115179363367098        5.6401538213672797        4.7712354340590553     
   17.889069062443639        7.4315953176312499        4.1819458478294269     
   14.969187495214660        8.9956529518186485        14.086160611539482     
   15.604029898641448        7.0889471552927485        6.1563234807040148     
   13.154935160770291        1.2172490206566504        10.458859545675576     
   10.062406751627313        8.4901587330750203        2.7150094765571060     
   2.6185194003290233        12.808786328877053        2.4183396477072527     
   13.950610993438746        8.9792212156186828        11.330243375057343     
   1.2903639557670541        10.955484894960554        13.831226452667169     
   1.3919739441026289        5.3560117608626703       0.54880186594558222     
   1.0181044672742916        17.458272569295573        3.2664324588279436     
   4.7665901241749102       0.88092735380586995        11.273954200402397     
   11.337968677837440        3.5771143609262754        8.8329191497067807     
   6.7591524204129456        3.7356154507681771        12.723555906526139     
   13.713500981413699        3.1205636407809165        15.257409985984449     
   2.8450833468442314        12.338016401942880        3.5530550248855670     
   7.3397602657815550        9.0659234758098073        11.760529622656788     
   16.610139333417944        17.039780149060160        14.216809253601847     
   3.6232319343283890        1.4273177278713829       0.57076711059114205     
   15.140278137922127        3.2318112430308634        7.9601171067889736     
   2.0234417476388380        16.369643643826127        15.453820422315143     
   8.9418013528060030        9.5068591184999764        15.826816053397001     
   2.7707015052552983        13.132912325226249        3.5269796284377977     
   2.9215028376537244        13.367241716056004        2.6061206853476375     
   9.0356824339943422        9.9641086047283967        17.379392843568734     
   1.8919042332074667        11.174400096114901        3.6423644462993536     
   4.0736190918834563        14.667015886409128        11.193564625029161     
   3.7558330892216714        16.002722400461426        6.6093209310695649     
   6.1939411608593566        1.9244862466030326        12.867445443060989     
   7.7146804786578898       0.24829939565464421        17.181301636474632     
   9.6363257916203757        11.849957801183722        2.6969948224815528     
   12.591861185150369        16.253539949378990        3.3076992895547619     
   14.225352149100999       0.19393571763407369        4.9101918656316901     
   17.588632023500409       0.59910972249124805        9.4013071108304356     
   9.2330553380447018        15.634152717853622        4.2161975438504236     
   7.4504526379133562        3.6196297384726441        2.4423091971332278     
   15.352631570377994        3.7418079668770989        17.909998491761389     
   5.7930826025394317        10.496282592939229        7.6041917520717179     
   6.8532585369614649       0.72613379689727942        16.809794046156092     
   3.7921437516396899        7.2177882937078133        13.097701700159949     
   3.3406993258791218        1.8169693765855628        3.2438986960607279     
   7.3931486046747938        2.6897040302468813        11.198962038249393     
   16.670706975231543        15.647730342866707        11.435079015661648     
   10.418211216841010        3.3340398446433301        5.4752045413208092     
   7.3161981132087108       0.99683401365787372        17.741930278602148     
   4.2029281511738859        6.5494924006723485        17.176767968832337     
   7.7754457018803809        15.533006147648630       0.93422277098191908     
   15.696614501112245        10.774760732876807        17.361496495930997     
   2.3205344073558707        6.3513761973875251        15.236334959317055     
   15.511698401642517        16.312651499719323        10.480060708714930     
   12.648585136313681        3.7024167179588856        1.4649452312939188     
   1.5918831998452379        13.700241643403661        5.2825590547085275     
   8.6461344644968889        13.666647363887936        7.5372643646590616     
   8.3762999376132523        17.275403154393064        4.4691805286270121     
   13.561003110755216        2.5127107278462395        12.474478997641882     
   13.956538503713929        15.437571668964573        2.2635978913252401     
   11.920401301036909       0.21208361741259596        15.048717890104164     
   13.851312065603846        2.2128938433678487        6.8896774015797710     
   6.3421699383176131        16.270325556296317        1.2480200974786757     
   14.660997574390285        5.1981590781009785        6.4380918955221578     
   17.389259383460725        6.8332316012449565        16.719742959026860     
   1.3997616480355695        3.2888318196527697        9.4435115459431849     
   3.4269776553154205        13.380355178348903        13.972127097254363     
   3.1733450980765685        11.385869739844772        13.851612522063734     
   7.7698372774122273        5.3897661238984984        10.055950685932574     
   3.6358622166069665        2.6500606650066048       0.43843200134212057     
   1.1270682094472375        12.878734687765192        17.603162013068584     
   7.4296968013616063        4.6481336085668605        13.966167216990875     
   10.269176299769091        7.3765432224767693        2.9335554420567611     
   7.1604629298496318        10.322461658616714        9.0747650838983489     
   1.1335884939260128        8.3793505949618208        3.6601435141828942     
   6.1471156517945857        4.9927276287913074        11.153914354404922     
   16.296229782886275        13.387551253713166       0.76234279816341921     
   13.021948975040059        13.545110952449402        12.006947282512650     
   1.8278239797107849        11.676684026604457        10.105223113900246     
   12.517974201738577        8.3091806772830203        11.785455032945409     
  0.78611571887586096        2.3706749067585386        5.5237383838344112     
   14.689124638613183        2.9923175456585289        1.8579545320910000     
   4.8876082295692234        14.576805204601055        17.003323922558437     
   14.421393949783091        16.716133230634348        7.6915026258338468     
   14.437384424839586        16.742377321969162        7.2081368339930192     
   8.4451524048934026        4.0666779589940063        14.368378295617434     
   7.5403671299621129        11.178350294256994        8.1019172458863142     
   5.5793709748274738        1.9795672467237200        2.8839749848736407     
   3.6498866767867897        9.0588781924347259        1.8586265600138840     
   12.889461304651402        13.457065977904339        17.915763482507995     
   14.231544287248179        12.553063912098944        12.614671956796711     
   17.927396482969733       0.51779889215978536        9.4575807230977222     
   11.159184821875758       0.76231147513640507        11.958588309780490     
   15.513671910951809        8.1774803442866357        7.6719642139370166     
   6.6918338396425163        5.2576344585777424E-002   7.5534226880120068     
   14.825479342734463        16.101791440355917        8.8864578732373634     
   11.423985473841945        4.4861525943453735        14.791132093407018     
   3.4324389147165038        10.644846687917934        3.9525235454541630     
   10.755649590917470        9.3939520587715979        14.533146854824002     
   5.9056847851101386        17.409531091771520        15.399474549093931     
   3.4910354901231466        15.791843796585097        3.0168175268117614     
   11.542648495014678        6.6936726814511278        9.9681508518080637     
   5.3689131036032114        9.6441842675550244        13.372071778296034     
   6.5395339762176130        11.420040629685158        5.0619602605997160     
   10.109018900949559        10.752591897971772       0.21251249287215201     
   15.198287504731351        8.2246465505835520        2.2750716717512081     
   10.827793535252484        11.557976937290416        13.117516641581160     
   2.0587420039581055        14.569211261437628        4.5089906707800846     
   13.963910860197437        5.3676323081325172        6.7357801758303308     
   10.790403767837104        3.7175303187429578       0.78336940083718676     
   15.862763512437631        7.9601845435146767        4.9716061920746615     
   14.605859159299717        17.672466980653411        13.730700358189944     
   10.736251229258750        3.2047070207400949        16.917727216046181     
   3.8960253289150772        10.752358042510599        16.054591705442299     
   13.000215433010943        7.6860532985128742        1.7352937234291943     
   2.0281038593479783        16.308226154253443        2.3290077806090830     
   10.323854582152256        2.9743311135214641        10.226426874309698     
   5.6522810314335397        7.7503617352827288        12.719647644739087     
   16.929655748138028        13.029070760383986        4.3655789538893224     
   14.288262648405944        1.7684247567987534        14.192992591174082     
   4.0144273928701324        6.2922726125713524        12.770196110159597     
   3.2740959576322357        8.4114886247831908        11.445266559048360     
   6.0693855954305906        7.0165521792644583        12.312442499291830     
   17.340699124082604        2.4857778934316981        7.8567872279845439     
   5.4081573215799503        3.8540346313146223        17.694890551631126     
   3.8806103864879167        14.104903055224124        15.269361522639525     
   2.2621576705450788        8.5364130996714014        5.4058313692820086     
  0.34107581990094138        6.8908947703244792        8.7220867134812075     
   11.517473319451508        16.147741928316808        4.4468100877032199     
   17.224900892739907        10.818545883774773        4.5794098851077569     
   14.728241332522796        6.8895332011684793        3.6956792459367027     
   13.650427720083211        2.7387726212805710        1.9399451024627195     
   5.0151794979715092        10.744192766493144        7.2473231578082133     
  0.34730157689927421        15.222848032966382       0.73018677074318350     
   14.388731061625352        14.465792773945585        12.681086374787121     
   8.0591186449832382        5.5627117109926676        9.1293240897203116     
   2.3719178195286199       0.81139758686434060        17.901735561746740     
   16.776924693798687        15.829040051572692        10.963898788437334     
   15.062580789291481       0.16501565801539808        1.6240028154010040     
   8.3431730423240538        2.9340052410720610        12.127897512842566     
   16.620820215559448        17.103047691164914        9.4372476031916186     
   13.528881609907867        14.038490367802689        5.1380354036667955     
   15.571471391154299        17.091698658944331        12.118036201910247     
   9.2630519833122982        1.4946620337008953        16.864862143434621     
   4.0403918869473472        8.4461078069727726        17.534799143215260     
   3.9584977589494645        5.4095648260751510        7.7720703575123107     
   9.9049595214521897        11.317653992984459       0.40511004483168445     
   15.056893934452786        12.962514319953078        14.897784165082685     
   13.498778759610950        8.7339981947762375        11.278819776375355     
   7.0235305109860127        4.7796356702775569        10.833838952724680     
   17.865110898498571        14.211985157640958        3.8908482095069301     
   13.277339246111769        2.8263958135144969        14.899101983240465     
   2.1014632865151022        1.9116851213410031        15.939039104416034     
   2.3635941272859400        9.8759701902252193        15.695843703219186     
   13.983951392314417        8.6959776592355240        8.1555492200277371     
   7.3820169096050723        17.515493854948534        17.254398140801150     
   14.600553308685120        5.3580795333189286        4.3447591258752940     
   7.5875458576109853        10.514284799254488        3.9547216407896588     
   8.8636592319118499        6.1295521597259519        1.1505200270425255     
   2.2508589859293062       0.33797601142050526        5.5354239667456966     
   13.222718282563950        2.6454018759891147        3.8218988797831228     
   11.280381075316502       0.32533868507214048        7.5641475459148211     
   16.529617515473362        3.3124284853017931        10.481320356120156     
   2.6188437812610283        1.7378843485603441        4.4450212059199936     
   7.0220281788687142        6.7017113429339332        12.560412650808981     
   3.7530298181213642        17.711290877617134        13.967911550030932     
   9.4497183958499704        17.885427759510829        9.3048366217178540     
   5.2767734242282840        5.1332624275399255        14.319033786538476     
   3.4472507121755385       0.32652047525575156       0.24439891703240679     
   17.254524018925352        4.9230446626902520        14.620292714746327     
   15.023575484320226        6.4066810555441069        10.602227851581965     
   16.825602686232962        15.496837388474146        9.7634522230683523     
   4.8019775339696444        3.3086395307119605        10.793941478846852     
   17.750595065669149        13.688777227621324        15.621440236371267     
   14.835797510684840        16.258669586769148        4.9075139010387696     
   13.964202214951124        11.704487706731166        4.6503065839583941     
   7.5653959408004035        1.0928328362135811        17.923840113708472     
   6.6027163221791243        3.2118001840008548        6.9266474072300497     
   13.847273309162265        4.8400289878408014        2.1336546760317248     
   17.799534238989811        17.745544129963484        11.472400632460559     
   6.6315222218835519       0.87250365160372989        14.639020541317986     
   3.3489550417879306        17.743592239087473        16.035629269961529     
   9.6848706399879063        13.823185814571705        14.063381170809178     
   15.211640292261766        2.5249193506593213        3.0059358839496277     
   12.759159039365814        14.469763709869458        5.7149578907377530     
   5.3265165463781070        11.082610204295836        15.113925165608878     
   17.025382624674659        11.898309205653470        13.832024456162957     
   10.905650604240050        4.4477208768466845        5.5847218687716218     
   4.7134691118527501        16.814790868236383        9.4328974096840668     
   17.407770701082736        11.595864971779267        15.662667301613151     
   16.678781853781089        13.704933830526052        12.203408451735500     
   7.4403026673322152        8.9758492938381007        14.126340577101182     
   6.1687074857310398        14.648553510105051        17.509971157109458     
   16.665696356530251        16.468314374629159        11.333174605357215     
   7.7507279770780313        16.063286037655850        8.5306792199321251     
   13.000094878529813        2.0506169494296724        12.919315500526997     
   3.5245313259243027        15.314831548907701        12.998581964402510     
   8.4902140264941295        4.8644324635898917        5.1971222777351826     
   12.242958870407296        17.684095676589632        13.831263060298767     
   2.6856919403775015        14.577661392770560        9.1719088438106553     
   8.7394593297831360        10.624528914116590        10.955280765721616     
   4.1353390367098353        14.423929445531918        6.6864948439724827     
   6.7119639993342881       0.72433946963341844        6.2031124763536489     
   9.3738911083852798        11.792883947473701        2.5952637791404980     
   16.679892414355251        16.138827572104358        17.721366781433584     
   2.5974681283121175       0.79937575056308474        3.5823819696452666     
   14.252249220263430        17.403683511720132        7.0068353885921226     
   15.773305139435838        9.2929402327173900        4.0799608547710484     
   2.6624068295411227        3.9589217938172752        13.225079536843783     
   11.657026493669116        12.881920663453744        12.937332783717546     
   4.0819268776257243        9.8791772742960031       0.84135351664310098     
   11.064225304464298        12.491136423225809        12.252199420457261     
   5.0951146764721411        6.6525517568016115        9.8392264331447841     
   13.421360557843958        9.4588709695079043        9.2794938759233396     
   12.808671594903171        6.1710844657414112        4.6854161848075062     
   15.266519829022705        12.721802885745891        7.1079514282712219     
   10.814701763309934        2.4177430098416877        4.5264899402079966     
   3.1106101604068641        3.7117746203012376        9.3641523001947640     
   10.524957259925619        2.6918256613875293        11.206261007362809     
   1.8746583867316062        15.525262541773595        4.1336183517652270     
   14.485383934839351        16.729506411748570        6.3467478207344419     
   4.9577383474539429        8.2126337282419151        2.9157951954029873     
   3.9679978728758791        12.158510210971340        6.2486524526590950     
   7.6116202314291508        13.329168042906426        3.1189777287169980     
  0.73560520747393299       0.59736659972948547        13.987536723495584     
   14.413283055772236        1.2586028201549655        6.2764302560769067     
   12.990684126327764        2.8084170530899870        9.7518526998024146     
   12.130923778054548        3.0182420801085161        11.246547905363611     
   10.427510622585080        17.745877969098128        17.754926064405144     
   4.6671274357669317        10.362175549315683        15.806955240314377     
   10.479838543481073        13.932245371518400        14.789060871445328     
   5.3334246688272930        11.659882760238794        6.1627731240241710     
   17.021078050367215        16.047539441479255        8.2998635735918480E-002
   3.0062030686668466        10.725132511186500        15.516764011217855     
   4.6268843804639834        17.472015602003520        8.8037782609833002     
   2.8900021034152861        6.1898757286603034        12.308230423910452     
   17.611791201854047        8.4561866437197928        1.6312811638560989     
   7.9651806504423490        12.491684945538360       0.83589485595214486     
   7.3488306451440506        5.8192690780314420        11.659397499679169     
   5.4288477466353076        14.525166039568765        15.178725487779721     
   14.186804144429495        7.1811455666780875       0.23295477728011882     
   6.0283219242629009        8.5521174511641824        12.606530353425580     
   5.6956285707137635        7.1676542432823460        7.1501788421687431     
  0.64648664735512895        15.508742384975344        4.0564126843541368     
   4.4234536000752644        14.990392479016490        13.164536153569253     
   17.227035262623538        4.1246388834690633        14.288555217920702     
   4.5453901005186532        1.4586368641277736        16.135683272677007     
   3.8870949060917983        16.159117429844233        9.5904633906710774     
   17.268907197654897        15.743359454765512        13.836820957996776     
   16.788468702865323        2.0319488664400844        15.388020904509737     
   13.687701078441560        2.8131492373588021        12.052599515674038     
   2.8068546459076993        2.6028802307507322        6.8129616736168401     
   7.6395472149999542       0.67723643850270721        4.8953172414378532     
   8.1829329615135418        3.6588428402386910        6.5516091342782028     
   1.4885280317175964        1.4198486381604480E-002  0.57422105170847915     
   17.099591116462527        3.3160472748281435        4.0313089727112867     
   4.2603737740453056        1.6750886344925096        10.492028147579305     
   1.1846841848464007        1.0039797710315284        10.527605981464582     
   4.5443097189054811        4.7024283284198045        9.7084750297564710     
   3.4658760439381218        12.748968959040880       0.79774291269829489     
   5.5661909129084570        5.1450534343179655        16.925800902739486     
   15.976759337250183        12.842128473628886        9.0351116334811330     
   4.7494968271596631        13.437820024632456        13.093601708389404     
   15.891197134310326        8.7224656975026917        14.555663161522416     
   1.5787684629024199        14.439806023130910        12.517997211283339     
   2.8764490348676452        9.4062407362603562        1.0283834174982109     
   10.803121369658509        8.5702101414970819        9.6931556745836183     
   12.591566259778350        17.291014592797413        13.954995365583638     
   11.590697800380052        16.299363605620755       0.27612114075199723     
   11.668982818229226        14.677495150377890        11.257246635077852     
   5.8711062621499686        3.2160031670138647        12.261687102855243     
   14.946714504496013        6.0574647951923470        9.6786554480963094     
   2.8690542508593815       0.61523073609728285        16.524521841572124     
   11.934677526339630        12.802162041101019        1.1076680958033820     
   12.596864642284595        16.945830370220580        3.4448464768120965     
   14.409489219379381        11.488447246632003        9.6562821288124798     
   15.516557836680819        9.9291021335909040        3.6801019625635218     
   1.3656667207873705        4.7556174420352804        16.090658261385162     
   12.363742754588706        6.3859096254136904        9.3727660654302731     
   4.7799228721104363        8.8028862389987292        16.018985531589369     
   6.7189007423948812        1.2874058047660266        14.863754020500977     
   2.7649722183252177        2.2932554391524560        12.764460416219224     
   10.572079207281071       0.57745511157084461        16.475449456482604     
   15.818635694327210        11.801678211929033        1.1840086223303785     
   8.7752803663848891        1.3527930854273091        11.503649440528136     
   16.932961797673979        3.1590519366264571        12.196184959551012     
   9.9522387126440055        1.7048167729340231        3.0404783688349997     
   9.6770398416268399        2.1950101259183672        3.5308599233243760     
   4.5177301221051565        11.570236939988799        10.015599210504725     
   5.6698857451711149        17.805086108931530        12.970253843782043     
   12.240806597807182        17.634338767563325        8.5051732107680742     
   3.5816577094397237        17.671441399751757        2.7228603957379147     
   13.755337588949715        16.752931719246575        1.5798159873251196     
   8.1359509614123375        15.616559035699080        9.1188604125991937     
   4.7388709266044629        15.437217927301546        17.622745451971326     
   2.9860256221983286        15.821704198044424        11.283013344099631     
   16.326229154653056        5.0227599697623093       0.69585460762012974     
   1.4816291649966797        11.835245658404833        3.7410132425674743     
   12.149141109472485        7.8412194850859853        4.8042384669826559     
   6.9343471431710917       0.57213183662767508        2.6597599353344199     
   11.086643225751716        1.6781695042142883        1.3292617399993918     
   13.688218438175323        12.579493183810149        2.8851836235024004     
   15.359466904045918        16.497157370216385        3.8798457721414845     
   14.753413040938863        13.969209125635734       0.42469660898084105     
   13.592288723615360        17.046989192110715        13.397989804518698     
   10.283934870666208        13.704649772948317        10.262034699853228     
   2.0326232156064536        3.7951574389392473        15.039241059979338     
   9.3151722278202982        7.0893878730480084        3.0496590620451092     
   4.5098486071962922        17.465671243950524        3.2445963638498840     
   2.9602845488385667        7.1862800305049950        8.0053911666531725     
  0.62262192434797914       0.17503413997675099        9.7617253834662954     
   9.0355064493932016        9.6066495142075468        12.299851499105330     
   13.538938558640115        1.7097986877660567        8.9103143740588724     
   3.0966808030399697        5.4287211262847688        11.840734601793546     
   9.2512221795066463        8.6758756629446996        2.8992500790495814     
   7.1150670084801533        14.935304248003842        3.8800056215184400     
   7.7703292751023039       0.89660288507813690        3.5355881086166150     
   16.447229467737529        8.0263844080368596        4.4658142730706292     
   10.749254228937964       0.64754418208875086        14.258259602963951     
   4.5846463941256257        6.8623955252310420        7.3605063255199710     
   4.7516572646804391        8.4363999160095524        15.681615738347217     
   12.977403635116241        16.042324001412034        16.998900978805597     
   15.036538290581763        15.622774695924665        8.3234000194271900     
   14.494331000878073        9.4233656763857283        17.114040701607500     
   6.7900967676879294        6.6073475552278840        17.681918516772953     
   15.557381353167157        7.3414482018200049        1.4742990351114431     
   2.4044515202768633        1.8394839047866984E-002   8.2991966141872151     
   5.2930282358868137        1.6971084816347874        2.0735127518663479     
   3.9581110734443685        17.407593322382226        17.476126839798578     
   13.982925792347929        7.0625961504636283        5.1384992394356326     
   14.629484070721778        15.919233383933420        12.898325392619910     
   14.725803302909146        10.799056474952359        14.701581868423803     
  0.43861980361737163       0.93063322946162774        11.425199623248867     
   8.0478143681656302        2.7157211841549893        14.921047916387540     
   11.699442099848826        5.7868410099960315        4.8427465589310872     
   7.1144296772275268        16.343123151539753        9.3509008069932822     
  0.44032260168891924        9.7064104390627044       0.76564569400815086     
   11.778325765542341        6.6136307890444099        3.9154759266117232     
   13.701579179323065        7.3969947295349678        12.979172607717420     
   2.0340847908074671        6.3761048065743910       0.84167133360121382     
   11.276840344388576        2.9161699477578811        5.1432615924882583     
   17.185986467601669        17.116745512078595        3.9854707781713241     
   3.5937160625547380        6.3968394964359243        1.0090344562193712     
   17.793713437225477        4.7808940063546297        4.0505263005011338E-002
   14.875435127216191        9.4986576098462532        1.4362900509194036     
   14.153837193886252        5.3358260780037323        2.8981062145390064     
   1.1876986180065974        5.9477603256098508        6.4795699931883854     
   4.8246594888419390        13.478144554008541        3.1882950564473429     
   11.063211255007131        12.376020940360240        17.882159059300005     
   1.6898149747042956        10.564098942806670        8.9951845240973149     
   7.2362587172392683        12.338116674383931        5.4528507396891115     
   3.6864748868780004        6.5659251874995928        13.257131602001005     
   7.3707348133239989        6.1402683917508067        3.2673521739479399     
  0.15373939365221401        15.582339461255225        9.5640391239876159     
   17.536467082745911        2.1538679782542927        14.830815318954601     
   16.475627358210897        10.400886264052321        6.1121666647528858     
   8.2337949095257610        16.759126319550944        12.497743214602808     
   15.932161637162769        6.3468233776801206        10.604155634407018     
   2.1787537990917381        14.055319306318763        8.7823799652286638     
   5.3627540174441624        10.995563343758626        6.3117311797328259     
   12.545920543255331        14.283874104961184        12.187177053721868     
   15.256731212409171        13.344105760346174        17.551182566871013     
   1.1411244704196621        9.6778388344382567        13.186465776867335     
   3.2701572215999746        8.4803988002280697        2.9965972566767385     
   10.223997145513675        2.1868993420109648        2.7160626934842211     
   4.8465671768194172        11.949571570052854        10.965463223585559     
   6.4017382505031293        15.221771476951098        5.6482835597589824     
   1.2874991279513361        6.5872048699432915        2.8338397367299279     
   14.487060906385354        5.9048016518496178        10.776690085668523     
   13.884382299064542        17.634500859835487        1.9619883301188503     
   16.910428675806372        17.944820312889671        15.244455957445762     
   14.016893163160548        1.3792866508338308        5.3038700379151793     
   8.6043739348072741        10.178735826080416        16.577985364445134     
   8.4953082096563914        6.8600600152578748        7.3407303742935355     
   5.3744679936234121        6.3752979318442442        6.8110516040815536     
   12.945751067132633        9.4490965944923122        15.500379175021580     
   9.6221238267088367        5.9563298610021134        16.433242176301562     
  0.87270093050259478        1.2827646817169305        11.463675505183598     
   7.8171110660433758        10.787148556645521        16.383782869966232     
   7.7671659618243414        3.3646588549006808        4.4598678198734758     
   2.1563473624686385        8.3721273149005881        11.309581864606216     
   17.766260819737262        17.791476439602402        2.4926753690683170     
   8.0646661129443320        2.2115408143206485        12.244059047930936     
   2.6251119544885624       0.83523351287502701        7.2275548602835542     
   17.254035760829836        15.959560494475120        17.522595558218267     
   4.8931238581722614       0.64752057081327408        16.246643113013928     
   11.057468626847676        2.2958040835585534        12.498174720234099     
   3.8068984929802667        14.106169780260441        8.9429449173927846     
   7.2087569295381115        16.995059591914597        8.4339323179184991     
   16.795922724822116        5.7746376451003254        6.0955346682816103E-002
  0.10477445659617701        17.847261547884340        11.246319888695737     
  0.40473332284273855        14.892184372467780       0.35663460992918061     
   11.584271331775794        9.3863517007710016        16.290653499295566     
   16.954066692861414        6.1038295746310673        10.544400386156141     
   1.1952444965257283        7.4457756517024993        12.492860238672659     
   7.9364525420701888        14.180677761503578        8.0806283440965476     
   16.635215350648036        14.049940732038793        8.1121912784021628     
   9.9573044241137385        8.9841094316059298        14.214047410817910     
   16.325235711226828        17.907273715203722        12.674063620752177     
   4.7398911806900461        17.503579226145032        14.511176077176668     
   14.109391695389515        7.4151114636190529        8.2583307883057913     
  0.25753227621263886        4.5739031243779049        6.9016652585333649     
   16.292438901144507       0.22453849013572658        2.9025134433628930     
   11.775953086420584        2.2963941292849279        1.3006803516484942     
   14.357302530864198        5.4315731260847784        2.2533719989469363     
   4.4796856625909109        13.065880247190874        3.2689338365214473     
   6.8247418571655949        9.9282205014212579        6.1883692607346328     
   1.1553276073768233       0.77412933131338746        1.6153254300404321     
  0.78447454345392242        4.4707211795818758       0.60263070206457559     
   6.9647660734240233        11.142097360242941        3.7532921367903729     
   5.4745601166055433        15.990365390506204        12.338421116572249     
   4.6305627481152136        7.8743390232446089        7.6814857278577513     
   13.303149030874730        7.5477356627145094        9.1951499065033815     
   15.960629558253624       0.70536658095727778        16.936608493852241     
   9.4020742327835336        1.4927108377156457        15.990017301327363     
   17.963242750151842        10.640669088225227        10.212212290830061     
   8.7731080124212468        10.849944723264297        3.8539442237626256     
   16.320534951818807        2.9669419923702991        9.5411659678311516     
   6.3429605421971065        7.1058604051560357        8.7135501939982447     
   12.636989284721970        8.9926761006921225        7.2349525934507479     
   6.0679889750346714        11.477420028606149        7.7557574963973073     
   8.9046836424991724        12.615150036796994        4.6531857811180988     
   7.9405083868504480        2.6173112565466550       0.55012137683931139     
   9.8573300147960339        10.972773582810246        8.8730950986706691     
   3.8461247012524220        1.8748611562520305        2.6549546112504125     
   16.102572939301819        1.6151721340694429        17.227339605846741     
   14.976764931350289        15.279478461824157        14.266265878909332     
   12.495749679873272        9.3436897299595785        10.260993413337202     
   3.8619770810458545        10.217379161621365        10.088057964458452     
   3.4894534393339400        8.0290933169405445        4.0307669614795261     
   12.365339094603360        4.2482153762639410        14.355356189314008     
   8.3851691060191520       0.95637766167903759        2.8940753168227569     
   15.656620962897685        5.2426232432016660        2.3891583404915937     
   10.807971215591611        2.6305314819196877        15.557319255178486     
   4.1750133473960256        15.981702783112160        7.9060401825536957     
   16.830688644266271        16.377971325260376       0.96613587635507292     
   16.852755842924779        5.2636465765176892        1.9417507949998529     
   7.9738364014706136       0.27309715594500705        10.093679120852592     
   8.3222641129405126        10.550247237807392        15.655544341966980     
   1.2131762944815241        1.1818338888754862        7.7702016311528901     
   10.879432481222246        5.5486979068191689        7.0352539803735850     
   13.523232228964666        16.761488083866887       0.49528275634115060     
   6.0528365072069681        16.454930444954758        9.4251138126196814     
   8.6351802402938649        1.2498943808420280        6.7756446369839249     
   14.789531197690671        12.511153475145061        4.1089670636248670     
   16.720778452834974        2.6719011454761583        17.091624115515025     
   10.368184490768531        7.2032711365661628        11.786298363964621     
   9.7812662928074090        15.594055651890535        4.2654560704914335     
   5.6418912433428572       0.96071314420919385        7.5186951196457050     
