          10
   3.0000000000000000     
   1.8122965567040561        1.6061129778132508        5.7019763368170717E-002
   1.8422693039029325        2.7326113343207359        1.3080223571135789     
   1.8336149264045813        2.2869987559105187        1.4420079917950885     
   2.2479335109148497        2.6682189369291254       0.99785528647899457     
   1.0776291121950332        2.6903733658417774        2.2830560192866129     
   1.1497220173954457        2.1385293632984195        2.7416484085160735     
   2.1927764054717760        2.5068838127194755        2.7390448385648960     
   1.0793165402970049        1.7851321402688098        2.6191380391180212     
   2.5401501670316260       0.31229643318502653        2.4920684271085864     
   2.7640012751083023        2.0615775403035896        2.5490044297078995     
