         800
   44.736265935445360        8.0281654435345295        94.850230749757600     
   76.111552786141459        15.146175809371831        19.904025360023336     
   84.173198329860526        49.395634672827860        25.421712198856216     
   47.642998851021531        66.123324968254053        87.942104428603628     
   66.392938790179358        18.980791492198247        40.836342252991322     
   10.444618306800058        60.215812454734120        47.553341419505188     
   17.498301774520009        86.513396815806885        97.830707815543079     
   60.454562771125332        86.669417751854212        26.131175322803855     
   10.970617649488990        74.224346879122166        71.165909953159257     
   60.185955676732725        63.116451045789923        70.893346452624542     
   35.407900425957074        41.669011128533626        86.247944591244462     
   65.361062088420098        16.750248471019624        74.266405771358990     
   2.9149699812680563E-002   2.7765325700279453        36.205644619898415     
   13.792972691544881        76.988699315104625        79.571958468621958     
   35.895933693359893        91.092264105894728        92.254336602996290     
   84.668702080917782        66.220948872478431        77.242786726946562     
   99.780131536275448        4.2021118220596509        49.963011668626031     
   41.457459168513367        12.407376901224698        73.459722265213173     
   35.009322520486442        23.580563584504301        30.292565875434374     
   40.868960169368698        77.704341886950075        65.855702453642550     
   49.097848232114046        35.268966172860772        86.191572936392362     
   64.971627364645428        52.571562945406988        62.698807993689933     
   95.172064879644168        54.287321687180544        67.268358131847449     
   48.086993408477838        26.216267719703534        3.2049568255784311     
   58.487142587916750        87.637285828799762        52.785445917661356     
   15.952636795259767        33.229393820654849        98.864516730655353     
   8.2033138509790664        93.847322143039221        81.030281128396467     
   98.959000832946387        1.9861834578536852        37.963442934296118     
   9.1120327070164713        87.858242347789357        50.296481108158488     
   95.448049777225364        61.186296824466389        97.814933940959762     
   12.318975481158823        52.518285306318290        15.289754221821660     
   8.9284809485515098        95.044973527908155        36.712521879626394     
   46.097421156599474        15.729414904692430        68.503716122939053     
   44.661273736944608        94.756606891723976        35.755258170234519     
   61.272190751849685        45.571332052619319        72.261896026020125     
   74.280535764529091        24.717435490386297        36.856349631535622     
   22.474094108625920        40.331726524554476        96.931011405959012     
   12.600264901501069        36.124691523614274        98.097398849884883     
   55.557846165992416        74.970612709900024        49.014007057686051     
   16.290943718517280        56.627680071621022        64.633331195071321     
   94.154289371518971        28.954806820133694        7.8474219421376006     
   29.403589262213316        96.732258898282979        63.955066156797372     
   11.314459327852934        40.075033369920732        42.461366066164821     
   19.976975688546506        72.591052025182094        44.575265400046128     
   26.672093742918879        65.299841823586704        59.242852682051094     
   92.556894156962557        2.4086664115307355        66.886397752472675     
   26.885916944907805        89.513663770244349        85.449984203324547     
   63.060237633690704        27.202371128466218        13.919835305201357     
  0.15861228415222639        33.781318267969297        47.784440122737401     
   12.273232839273419        8.8559728186986106        9.4241430488200990     
   4.3606621621657293        62.642775580750090        29.771686132640763     
   53.444813235851427        53.402823189460150        84.266609028651345     
   19.084982671714723        4.7988368207669492        19.253684356261680     
   53.714431987524804        39.945805370522727        91.934989038944863     
   72.124355117713435        26.566080577201756        37.861580563882313     
   35.685177685880255        70.833527670919807        54.371779489938476     
   43.548377316055017        9.1870911386485954        65.701452081339426     
   40.022014037312267        19.705826713237439        79.643244393447503     
   4.2816449410724156        27.873695855772795        87.588526588038818     
   20.461306250504375        16.842172399663024        49.321117523499289     
   10.581778640948391        83.986043713479745        10.141877339164719     
   7.3284486322529707        50.305689178752509        5.1838944628230461     
   23.320214604637268        21.531017595951862        31.402757113131528     
   69.124218384794077        98.089751792800229       0.44274345097768952     
   9.7121686347196867        62.585297106977599        71.130929664241961     
   22.042566547727670        84.765713934501562        54.658956379327520     
   69.222890941398248        52.470719158580259        19.773424538630191     
   19.517955432362321        42.286548005576954        76.545504350538650     
   70.581977982578522        11.650898601894522        53.930870194206584     
   89.332857535507486        16.207416152847721        50.388747816938341     
   1.9829902082682205        89.575419820217348        48.397235308039200     
   9.1862961823117377        41.756633585684575        61.121149527499483     
   14.857800908679996        43.182884321180204        87.220678003560820     
   18.015408277941503        19.923662650039397        20.624592598222669     
   2.3251940864256748        16.073312691672324        20.837003616221182     
   94.100404169799916        15.812694754733414        80.798301882482647     
   61.209168872192890        78.485809157637803        13.068945573451952     
   12.056755254223317        67.027635606699718        96.110549439866844     
   58.339767214711756        41.940918689189211        44.087551531544392     
   70.642812064337392        54.702559341416212        26.196850789795846     
   5.1340845947492113        32.358974217425974        64.865158536302999     
   64.230458390362628        22.363661235852305        31.901737116022801     
   4.5224884678970456        64.537394811050646        69.541943273982554     
   14.794075785655792        30.498630182202358        87.242415525865269     
   59.187280495772313        46.289117401074755        50.702544072991337     
   93.489157172360123        41.264860586610098        79.832598023087712     
   95.402169713379124        47.841487576670048        60.234566947190785     
   94.165074717651422        4.2599971667882546        79.912822494425200     
   36.270263394404743        40.823315754352308        5.9373479004539709     
   40.185022628447655        69.368607021571677        40.388848436965816     
   34.537397797263644        34.720211838936024        31.974163597003479     
   82.150319952348426        10.590413142921784        11.755619117869841     
   54.297506434509572        38.985506047428366        34.474663461769964     
   85.635979734145025        15.287807394909825        87.777113650685237     
   13.062294466557777        49.772818291689312        47.095603323133439     
   10.329156993685995        31.222622174810422        11.240428009500913     
   45.723623109517639        20.227214652998349        21.530664343340021     
   98.238046090246655        29.440203038152646        76.241046700243885     
   63.435831562335252        35.368410707596766        17.889079391438610     
   51.525141412252836        3.7189182208137939        20.796706803075814     
   89.718163544266119        15.631027653043484        41.397898675320540     
   66.511334434766155        44.128990162488300        5.1634029107879176     
   37.107626855637641        43.159392761922277        31.274795529594755     
   77.909689797880063        35.683466322864355        62.967482214637229     
   71.664363056450114        38.466376101643760        28.827853541006732     
   84.825397431845545        20.327240627982178        81.722024980929120     
   47.454571889643418        13.551804578446314        12.105474969512176     
   3.9715573780921942        58.540388288570796        64.949482766829036     
   71.854692542711291        55.543328102845692        54.366715956275314     
   43.392260500750446        74.917095454374078        25.917659310964702     
   40.362755182712739        38.952396207523066        13.074695470884468     
   62.668354654021655        2.9087211230069521        20.139470370665091     
   24.922203253492871        77.337973239246125        75.911314668793821     
   16.222717763958151        92.506734861500135        75.081783385975342     
   35.836350827151328        96.016809553156364        75.180340971275669     
   64.270053561857068        86.230148812115672        62.245051978792098     
   70.051308161310899        18.240112217655280        2.4112221808772483     
   46.867460028364327        97.683990581961993        88.443408312043488     
   51.724572632770780        23.249016012756705        52.904728150552614     
   8.7616298832969619        64.248416565436258        82.625715915156022     
   59.935220430603366        67.956576730847758        58.917550951949359     
   45.570833235708108        64.654645213399036        55.650976885589621     
   61.732095478676996        92.338759203105454        66.985100727133656     
   44.836904444113365        77.498504994068085        8.0022084847735755     
   83.735129932925673        69.695961331735361        41.687362825325067     
   58.505631840852267        53.057154890464389        54.235662346199817     
   32.022293640244193        42.467308945275320        49.450144088331548     
   88.108864700233468        20.092062687657364        51.799797219404198     
   96.118020343695434        81.598402514117225        89.430579066995747     
   15.258992954564366        95.513399123115121        77.121698573328914     
   54.444516513393502        65.322230158252310        80.727965919905586     
   55.132443577348923        10.738140167679433        54.069486440598844     
   10.299572723388062        62.799065677399426        73.619089569560046     
   74.114854102460242        99.120888162111697        84.113372277492729     
   78.915554555862002        15.813698922599805        37.957850324703557     
   47.205307226591842        45.561411585884557        91.715887065552025     
   44.781619444931110        87.291737650711397        61.830185575338717     
   1.1072685670884708        66.766291002635029        27.499516233438293     
   91.255095330539248        54.019691369972065        13.548672438789922     
   61.756638927256027        16.266278468632677        16.259003261133131     
   37.130996387826798        93.221181478025287        46.370861541999176     
   16.688507101947781        93.872114803635512        76.414467697472091     
   87.810378310362807        97.994825795140173        73.175894932443313     
   65.031868489297935        68.513897841695098        39.279496863690213     
   73.547520074973761        1.6319669589230479        64.597784453016004     
   54.978190155738652        95.481008225648594        39.413684156485218     
   81.853750926234113        38.649343107094211        13.299842938510132     
   48.446472772006032        63.139044250862831        7.8709608948083094     
   88.125696112593189        31.985892947273587        41.960207246211709     
   23.311910408162863        88.657077405439125        16.344513761178437     
   68.804746759104901        14.808971009848948        70.552650104422000     
   21.678992620755565        34.130341546909207        5.1315653422704059     
   56.182155432164905        55.376144398935814        80.754285971248748     
   62.513812067479520        85.957813864181631        50.491440728838711     
   54.020382609314723        81.152256272203942        92.420173160617139     
   4.0205776069315409        68.555737444075120        5.7418079628112961     
   21.863488399069265        31.125546149038840        97.909667728120169     
   42.238265468661517        48.525436844218838        61.168372695615581     
   24.072509078733141        65.875752075158047        38.813261940666266     
   4.0105026459841149        27.372720216060731        21.059066038378703     
   67.290863376400694        49.996242455172620        41.669733703447534     
   87.208218033805935        87.604764719316691        12.409565726181416     
   79.407519205122298        9.3827610953452592        83.416782797577781     
   63.260436119342323        29.073436705784829        34.627343089353687     
   54.814421199070715        72.908666922152420        36.731518102563520     
   40.576239028988439        20.768201961908751        83.134711463884884     
   19.821845335858658        80.174525458698639        60.607313403200813     
   62.216134760408352        76.687543752643620        77.440445599793875     
   3.2087483194200739        23.279253979220137        76.519404655436858     
   93.545047989967685        35.179344695502515        19.853893999809980     
   92.614817553611061        26.065590375903589        22.051355743367839     
   89.202774955323164        29.179281867605599        36.016144282099120     
   48.349042429038349        42.189804891184735        64.923742521388789     
   49.705369230005836        80.314975109097404        31.086880180391454     
   80.588650198509129        36.210308400669412        23.394462306465890     
   23.513554942091062        65.251544451728378        66.961007196256958     
   84.966328140443196        46.697513368378537        99.576575152263146     
   13.190767849851792        6.2392656328101426        85.801763392124826     
   40.041895654927337        53.109768062317031        17.796526298324757     
   58.827463476943620        31.165551909986032        66.457040359990884     
   21.738660407682296        25.345448050430896        29.481036757302149     
   67.420908087287884        97.387010616976966        8.2671492638508255     
   52.680864211007659        29.900954028288439        16.739612686334549     
   94.984837166636893        70.867712482100814        31.140678044700167     
   20.314959806690126        62.979078486744719        12.436280422532796     
   34.489911865609315        98.191003552995866        93.271184708155005     
   58.795379434775263        17.246926158871489        2.3350293215943951     
   4.1426563214317476        57.755283582133188        4.4951772448301952     
   48.091888137805796        19.940133504696377        85.819632158753492     
   10.350684326731653        95.444467259719033        71.093993431456610     
   82.460470152458470        8.3739191207009345        1.5004575021982935     
   47.762494330560379        15.499247585200592        50.895739979507795     
   8.1165234972631506        1.4260828517853597E-003   13.344701081490552     
   91.441497633697907        8.3650015174701728        33.747673167298743     
   99.925158656840225        81.014452259495044        76.666569967419605     
   72.413452778214975        77.654129034655199        3.1675340477161140     
   6.0043811263924329        11.909635605615831        53.599332077453923     
   18.782853090960582        97.205784636562427        76.578564831409835     
   33.174212176237639       0.57878034824688784        98.847412566605826     
   32.028448882344151        56.643103099016855        86.113293425519046     
   53.625219634371632        30.860245530658936        90.779826650759659     
   1.4406073348629089        84.217085178614681        29.522813651760849     
   78.462852079244854        59.827797280009186        67.830267386067348     
   10.134664057280329        21.590507429100946        62.522237214483226     
   29.503488283283996        35.464440544347362        29.047946114322400     
   38.992129067049255        72.757917156143662        52.116184931926902     
   94.139294827546848        86.529770567118931        65.386076664939779     
   11.672263210080336        52.965325117349494        80.515881335619383     
   62.377079542741896        87.418805823577003        33.473767002356347     
   82.380698017831548        50.130274940399936        86.789506437698279     
   3.8818706272891190        31.531443195470743        52.883614272959342     
   22.555994955077598        39.515832288474307        45.172476180914380     
   52.696764307381812        1.6815264765145610        92.203201858572385     
   83.665874783484071        59.901894345083086        7.7117806640875086     
   91.283438060073891        25.199137858788035        19.233980901476720     
   45.178670313823211        67.861752706310057        78.491359317160516     
   2.2784882071509194        94.663798442776752        46.713385026750487     
   47.963150970003085        97.600321243689123        53.235104802106868     
   66.012130262543565        78.021406406717546        26.237275179343911     
   8.3427760386227785        29.170527247417134        44.258453654726104     
   78.942972904223254        22.515572951488149        96.520301083047315     
   1.0644606613751106        85.795137283116645        75.869196543655747     
   25.026342874600026        51.515539794333122        19.827145270753867     
   77.451514592630673        31.992816296148785        25.812850895392781     
   20.668246432948088        71.920378615656674        16.903756801888502     
  0.66782942609224794        25.643682185676543        7.7253718444468706     
   39.236866640149529        36.704757472759709        47.995353617624914     
  0.80716794294087846        7.6529685427512595        44.883744369933900     
   33.274457081293761        62.039934605740633        9.1084355658122895     
   87.229550984122938        7.1233656208995688        76.181373385140532     
   53.894212889182114        48.118022852586847        76.053169315564134     
   30.584935624979337        22.812136066983392        94.850811540102924     
   64.872526710432837        67.170436079830083        89.593909774758117     
   18.893608357388757        5.5865401479125332        93.921063697995734     
   70.816379364731702        48.200299799513637        38.240214415367966     
   78.983100276740132        47.637410524721545        16.298826766503637     
   10.921062990230368        44.170240946644689        99.239506614324412     
   8.7791114570034736        2.4817671681341524        12.529428889370831     
   37.287335635141858        6.1309583475388063        30.439175605751590     
   53.621285353461310        30.518410722618682        83.430612684011180     
   26.729579138409466        8.9112784566330419        4.0184026779253257     
   42.479992943526199        64.695904753439763        80.319869686874185     
   94.829473955586849        82.347400611078413        49.574309137877137     
   9.1563362719060635        32.159031661178396        56.882421287800803     
   8.5385781576634461        8.7518777831771857        93.751935160710261     
   87.737434186510612        53.781690853163113        44.284523882683324     
   95.742984149219993        31.504165076434209        27.156097369385900     
   28.198728032995135        1.7285809213147707        30.815303524121560     
   64.215390550124695        85.553120130729525        13.127960631620706     
   56.407755221020849        64.998964049666313        31.487123593399659     
   17.157436448108111        31.391575999142795        42.787103162504202     
   84.512336857378372        17.916605652392480        58.899253788644366     
   71.855210869500340        15.850273400573522        76.426040998063897     
   37.711182208878554        3.5606087734813330        1.1289578838609704     
   38.552740021013207        44.725583035755903        59.238901770261563     
   56.843386603596400        38.007849076339781        73.349905572609302     
   57.509722950691653       0.68108184331547861        10.294847711231181     
   30.100635914257158        16.911586311354789        48.333263048788375     
   65.866782261525017        31.680734206167681       0.34854434892297448     
   60.901368303303890        35.092381217986855        4.9763578634361423     
   97.037212340110543        49.311966054638070        79.695966466559170     
   22.846422558838054        17.980560132701296        73.275294057682856     
   8.9617912433970659        13.676522576297856        22.304022395828248     
   99.164631443598367        6.4982889844284131        40.997733080464869     
   32.756422001773657        40.733924840334211        50.038748822815059     
   45.182073021962999        5.2389490798187666        91.458442049610014     
   79.845902459590263        19.471578928261323        55.664848024069713     
   2.5532269436483457        44.152490446209413        88.711568118142353     
   56.536586721878990        55.380015321100537        22.315021451498907     
   81.420844078288653        70.411988158663291        4.2707332323609233     
   86.029115869448319        69.776210771604653        95.003380137157535     
   55.521558612211486        3.0553678474178114        90.702752915122986     
   9.0720600564960012        29.855626230511167        51.856326213166092     
   91.252409138657669        61.704874690345250        70.570542491024526     
   97.471098186565513        9.3312174863378168        33.043669326165237     
   69.763308989412636        69.101161017315818        8.1434037050589598     
   76.519318224524952        14.721045653469877        52.677054049675696     
   11.136653645074102        40.768799969271321        41.398372492645244     
   79.758806128218097        36.730092324751730        40.772505028065588     
   36.054537420522102        86.354709042198280        70.788429704305088     
   12.207305303197224        97.649659630223837        37.058540501620527     
   73.196419097849400        29.007355503704179        21.566524020173983     
   15.830563765073990        13.223622336555563        92.718263211451827     
   99.842838173334229        68.654205044476484        39.151293790123901     
   32.096790404923489        35.623527913059284        22.920219947742350     
   72.386679264177047        17.606444370966933        2.3416849805795059     
   11.182867417035080        80.007893774209492        80.257653550197020     
   93.122269626743432        89.711503231351870        25.925691857222677     
   86.873615761864926        28.703608790803415        52.695677610021718     
   60.683576440899110        24.833538934621259        76.614217472184095     
   17.080441819842541        70.079475102917129        59.156416952700617     
   89.587812556136782        5.7051970392424050        28.253494420704573     
   20.037036352842630        93.116644506491610        21.190223202724610     
   87.335902000594018        48.808900148173620        79.311973494505821     
   14.656106852149309        42.865719138505931        65.031545633499704     
   57.611745757837859        72.766062547102308        64.179665640687716     
   84.999490624429868        29.721642767951060        25.795007389443924     
   19.369919348378296        78.983432603977420        56.539977736735466     
   97.277046220021944        10.959353501503678        47.176813477570626     
   14.549974654809461        79.201499384808429        15.847982834093221     
   87.788807436708240        84.118090811895854        47.272895080822664     
   70.041924785647694        48.802229445603288        13.105220696955255     
   20.359211458885397        21.702294483907934        96.883783733968954     
   44.881831743897585        25.901799575224427        55.378567419787302     
   6.8032277267377701        45.498804129325976        22.822008073002998     
   31.220600125002505        11.015441114428127        92.562560933788944     
   20.682970009618973        63.147434037626503        83.716956697544049     
   56.861790504388779        77.340467057183531        22.751405297177186     
   5.7894898539084245        27.968095739521981        42.811551728316807     
   71.871461284611456        16.453419130986401        64.481760699269799     
   36.465870245518353        93.259952559046724        27.361232979290897     
   48.122146314540991        80.158334766582186        22.537888613989743     
   53.224834574158528        30.050156292444143        90.049578244227135     
   40.008496542918557        42.700491363790192        87.141767886378886     
   65.584869588461757        71.787416634341866        74.236789589759624     
   15.863028572271155        13.851215980235231        99.769425786513054     
   16.671635076989165        30.797315452178776        84.069309716006956     
   41.149892605151372        5.2290399358508433        32.083982603539177     
   14.786456354980803        91.432047093030462        98.387196360672448     
   10.635690320113822        10.180093255379074        69.203593807113236     
   96.665950055697664        6.7574220599564416        16.307089392399654     
   84.016907413505720        28.040059907925496        94.531453521300762     
   15.755662630991129        86.799550836962226        34.512515179501825     
   67.029014639460215        74.445109936172784        51.234680296211842     
   11.410022917140328        82.105643582332448        47.790677700271821     
   69.885240005122412        77.104077781611565        34.602275680638265     
   42.193300285015212        12.192606889883939        59.108486104402644     
   92.189362998527386        84.126024629137135        66.438133363353145     
   18.406673080381186        71.229785592875970        9.4689124002893088     
   19.865748432698460        57.911977754131037        85.612900240012863     
   30.297250845187797        37.358053746953033        44.658193035263679     
   80.997057872136907        54.576474078357506        34.068160312980467     
   83.604943111183076        60.312974591925226        27.575476623597940     
   87.141397918684532        28.521816247732868        92.861874299981224     
   98.071441041102844        58.897529817982587        95.470930246683082     
   23.591776052492254        93.794935858344701        68.216208193128409     
   97.295260922967557        7.9080898713417387        57.108825784888005     
   2.9778018329024158        97.994651888203094        10.394018641308056     
   31.028884560822480        24.240083656088785        7.3203170084581881     
   64.661857441887420        86.665495581594399        30.185040002451924     
   34.528193028117158        62.353665222787811        64.615621440453182     
   81.023179173482745        49.606949210609265        1.6283380600581876     
   85.840502344358399        29.243573837888860        77.188358136883082     
   95.717196787633512        61.171422140460031        19.664679937863760     
   48.946143150191844        80.181951343828999        11.677682110502685     
   91.772392293737227        42.716701441450731        65.035895154863866     
   3.2367239986502705        16.777656880289950        60.574331003306938     
   52.956307371033432        15.052608486615016        18.081737783418937     
   24.778275462823551        21.770686701046106        3.9022071989067153     
   12.637184088144338        30.405943376312127        45.846689180904278     
   95.577105738158224        51.573697048118937        89.644184964535953     
   44.526981839475368        5.6479062316685980        8.5986499391762941     
   29.214578997386997        82.617445271499591        72.155770063261642     
   28.349203139008715        64.245071739971081        66.223536486347342     
   86.907905264131074        58.975870345421185        86.038404459058370     
   98.284864068739111        34.677008177712075        94.207488344306924     
   54.901643996121898        12.790376926493973        84.429287784387625     
   91.047374844652808        55.079972461257320        37.564487028123928     
   1.1964617567901015        31.915710122412165        92.021605325837655     
   97.585526757475122        31.675755449461917        38.874900676538694     
   2.8222061516691044        84.028703117251041        94.408151964147393     
   41.094857330057280        98.051416502463653        84.754703147432906     
   23.677162351520529        88.687272309823783        35.183691220537369     
   4.2901636908224239        19.780871516574670        7.5040204368185819     
   49.368048859894721        46.044623991242162        51.027460635056428     
   80.280743642474675        43.106527974493901        31.584215420734086     
   96.834385324183287        41.147450705862724        70.778763955672986     
   39.066194945834695        36.863532049745210        15.468086707726879     
   98.077412264668723        16.511813519284491        49.602299639197710     
   24.364635321008898        12.112953792448188        97.075938410417976     
   20.896376258602224        27.215999731279261        36.262497090236991     
   31.103250824489415        52.651494486068749        5.7251150539574303     
   30.133245955292821        64.549391062244325        80.461184678171477     
   94.478045904113301        40.004408539159662        61.435682488810961     
   7.1373809071295868        23.178305336743033        57.610200758160346     
   25.646193335123279        46.197378267162371        22.396376370878158     
   89.711166502384415        17.927579610003896        56.791684302306464     
   20.536251276438875        34.113185262719206        21.517270276384103     
   55.528379920961804        90.810157389323123        14.636465013291389     
   5.7313251838467689        34.534360062522929        58.018022224318301     
   17.649967976799651        98.748070152255437        86.594977599757954     
   60.017458187024673        8.8754205462153291        76.739600892234904     
   10.049682212031662        49.238522992279876        72.588776943989899     
   65.593125930205915        21.637985434648176        13.109809415090613     
   37.098822675086737        11.620732220457086        46.680683589476189     
   71.521940639311296        50.381086363620767        8.8401458478408408     
   76.205322474445609        50.632759901310855        35.257749768000657     
   22.925539578691414        68.001608141013961        15.132491777331136     
   98.398089957262712        50.613617624049347        96.272859484956754     
   43.784900391224035        23.856193626052715        13.792352581108890     
   31.034347514999261       0.90903216712193702        18.883797974027484     
   44.769310614764144        75.064876463684442        52.907241716586299     
   65.493841088836263        72.474783731105987        50.862529669192355     
   16.249156218904780        41.140491087350675        50.122291313177556     
   98.766549943454891        48.852458966998903        96.761028558521360     
   1.0338657348062275        44.285773270724583        37.253685200624645     
   74.712051609100442        37.584054214714428        57.926104169849154     
   79.072832175317771        98.166604599585611        37.189063806634650     
   26.990015900095710        31.527811843352449        67.932420347299413     
   21.747470717699702        52.643158778084064        32.114269117380559     
   20.347767056018306        6.0558223914635168        53.801560443397975     
   50.502718379920793        24.771315282793282        46.948642466114457     
   68.995926652911734        83.513440675344000        13.471242807888629     
   66.856807880484311        66.888408882814787        47.150855381250480     
   65.072088946256684        18.308022485554019        48.192641491754351     
   1.5973504312922882        4.3662569803968987        49.130539254270133     
   94.794966716620479        47.151910299892251        30.308056869364886     
   44.204762311909803        16.045747981616554        3.4000633888308651     
   13.620323826538828        33.121669462741629        47.568008838593357     
   35.958394143635154        93.334378179634840        35.419492939524353     
   21.560965290883381        56.795921289639217        72.359798522846546     
   87.065044776923457        79.703841426526196        56.867588369630482     
   25.242209569367812        89.672036826357555        21.305366404654556     
   29.944561624133435        13.238399299271764        52.902622653387901     
   11.837791050238222        59.168821357183496        69.319947062689764     
   63.151437434512324        75.180320626017732        31.719668470635575     
   9.1371195342571205        45.807056768026477        19.499788837177324     
   18.583365542342211        78.415515577081294        49.902599462222483     
   50.309083351772657        10.940552766593514        76.422019507386537     
  0.50874178775933698        59.608702942754533        26.278768189192736     
   6.1568520671231752        13.551132094524432        58.044985014402215     
   26.252880713917005        39.858849669371402        57.640819489664040     
   59.308104692662333        41.539454118708782        7.0360228879595255     
   31.219147611425868        15.772711740706402        88.646523761273883     
   92.567541772705226        90.080792633971285        26.602280112562916     
   39.227532039912461        66.930901977249846        92.767466719477241     
   83.472011958839971        82.189612901198998        13.582262525983547     
   76.487272988674420        84.468877176530782        40.647008901808057     
   87.345001073104328        43.638211789341973        48.361062792797114     
   93.975846334637069        25.260822283672489        93.018440444362284     
   43.689822577629286        81.774138403669909        75.610939871087211     
   39.128716369931816        33.951608230619193        90.486542122381024     
   31.190474885321052        75.718263560203283        70.268528069439142     
   11.628898124700804        47.798274476299817        72.520639510993277     
   12.474928315127897       0.80486900408149875        94.248955232419846     
   42.513738506610920        87.115539710984564        16.047487126063331     
   45.516011021174599        1.6647730498190461        10.905568934660682     
   58.028295538229727        55.783160728274986        52.904845608007442     
   81.474349198193508        88.772841429656580        90.825879483604950     
   69.274231941255650        92.523661436151983        65.798829399861930     
   74.658310473067075        41.850518069304890        62.755279768803376     
   90.367239169997831        50.888901965956777        65.821216486433158     
   18.023306799533025        59.108102296188100        61.980722748792040     
   49.704932146013405        25.487596084857167        19.326403494372101     
   6.3185199274382491        88.280348805732416        2.0749642583410832     
   40.734109666421816        9.2104974767965970        55.245764642325177     
   28.354094576799081        81.571762862996124        22.885004856706182     
   46.326145925462612        47.043883980031509        86.459674652138531     
   11.278165788754668        73.622777528065058        91.849574468876000     
   41.690759165120774        12.804370601148463        5.4056699651926055     
   29.091553646666981        43.956203921748326        63.319920543933762     
   4.2459650157074424        83.106497512964310        81.032353057595230     
   59.599425642668479        8.6794364195195826        39.886781435820197     
   42.558475498823697        20.009307369601327        27.584431533259945     
   69.582366216957084        28.141996146944226        59.293667851135936     
   89.417074135705192        35.002536376588303        72.294113836999841     
   34.735623438171679        80.336126388976183        47.097580291889997     
   14.298687663812226        95.099592213739385        35.905442433343325     
   91.943150786500766        94.410423387731285        46.785584068767605     
   62.641813999414140        82.283547885564431        51.111929905392749     
   1.0524208542016522        95.138152812893239        69.879901752683466     
   55.048446031650400        72.081704030361820        28.841562179064084     
   8.5482021030238720        55.018981451377989        18.465214764567694     
   68.148212085917280        78.590126578421106        3.6959312467183203     
   22.303755059930840        22.386560634126994        31.079501451169868     
   62.042025336693918        82.188195502058221        63.615943600546032     
   78.808265369938098        67.265324640481168        6.6361201742597187     
   10.783627710378241        77.695119745223010        92.384458518896167     
   10.320001185548044        62.203306696337613        58.080271661365842     
   90.978397792075540        16.034814220497772        8.8279495515174116     
   53.127906192539179        78.695699996628775        91.239443573536235     
   7.3686455204914347        53.608378007002457        45.465565976795283     
   88.052583621757321        23.545558853927140        55.678279323051427     
   21.832001523234300        30.802837920388725        36.490554789167483     
   79.816900756775837        16.422721165031451        64.719747536911569     
   32.235225563980052        54.081876529154037        10.449664271912241     
   76.113120146076923        33.831223922253315        68.256880486550941     
   90.083102138035670        79.797701601968726        92.834260679635904     
   32.378004909758303        50.737624763535024        90.158347249585319     
  0.91388977545852068        12.960810237221443        19.076343412460027     
   44.879169355332728        82.299523125242132        10.698644996592154     
   87.209997345798811        79.334716914780287        7.3995510857934317     
   21.774073166015949        82.861105963302776        9.0098793816669520     
   41.363961909831218        35.941835504659551        17.033865829327087     
   36.783897763553377        2.3010957794984077        66.712653198780004     
   24.539946669492352        57.101280938158474        26.617283354716960     
   27.002242042143475        88.729516392024010        12.883184216013943     
   21.362270764493950        5.8917544205520755        64.638498178806373     
   72.401787408227577        28.204872785820069        62.373751406970243     
   14.524236550869329        50.931689520742061        48.838719298912068     
   35.686092668422816        46.066672991194991        79.744830717802031     
   86.607864250120230        39.945382006828098        44.722716067892435     
   76.477267141348094        85.864617168341098        55.796146009724936     
   51.443454025677170        75.260658300828155        61.122588977298008     
   28.646775676285550        39.567712305046598        5.0022112803372210     
   14.276705056897232        20.134734087359384        83.915772062219858     
   33.284172270420406        28.666350872896061        20.700246023947944     
   45.627144069095792        47.220647145386231        35.851066506526962     
   42.320301595234532        96.322649924442644        44.951317481561780     
   99.197103977035894        30.369733746911965        73.616240532060502     
   99.245777300995812        53.476660675139577        41.364265721849691     
   58.533659594811994        94.827511912623038        68.098321468475248     
   32.383022830819804        70.236124748809218        82.172000371960863     
   28.419673721723083        82.736038193011410        49.358136379593532     
   18.786041970168743        70.158645960508252        62.138829488329307     
   79.499266138629125        33.261851462715939        42.207444746560455     
   15.844191201543467        70.276005491118880        34.595816904423636     
   31.446129967075930        77.907026788922366        31.538603395245623     
   52.743493672293674        41.300878384544568        40.004208047644873     
   73.958164295605584        49.842438593092986        55.943041398362958     
   2.4779293644893730        41.497690543964019        4.7717125575550305     
   18.796334167119543        16.027439098481423        81.539166931200626     
   35.185422274994274        63.532229675132470        81.004257916870642     
   36.827135834867263        29.412439177108961        7.7033947302066919     
   85.531289207047976        36.319290025529625        97.822659888130630     
   6.7585738438064258        3.5973744439001809        22.938612297682393     
   50.101341921200380        52.468608883787041        95.452222174496370     
   46.033950079757503        55.494615753197884        69.720703515534183     
   84.300138530840371        89.136072805303243        63.021958190239282     
   35.249934269579754        38.881517913990159        34.306931977152935     
   26.458321901639493        70.584608011914412        23.457706071498940     
   36.819240376972694       0.53760947248311375        39.266183756598792     
   99.854003205413761        45.442317284346977        10.480282921264495     
   50.730882197818197        5.7193460722510974        60.037084584871728     
   72.241847475035811        28.103360750855334        62.890529250180968     
   40.296432924592438        88.932795383695733        66.057312437388106     
   48.226211849329850        67.852308265868515        44.552062856929155     
   94.111884282688848        37.078766078142507        19.603589793254162     
   59.960095528778879        9.7490312054246964        68.161872685577563     
   96.182209027051783        42.953176449198473        60.827197322695866     
   13.976695662905868        75.570369034053016        76.616689887460069     
   27.714325899734959        65.934015112022365        79.670321007474953     
   6.0862970862487380        70.799650161081018        81.650753576354646     
   60.715443004628774        71.676244695599650        88.107605138478917     
   89.091382950052235        78.978479615292258        10.055779390120900     
   2.8118497862583802        66.508029654134148        29.498464327153005     
   7.8236956437881311        81.642784904736033        85.430232889907103     
   44.491554393546259        30.459596020096434        51.168694870295184     
   81.038136999164479        67.365150451782910        56.908370718654147     
   4.6690603030838052        21.503039652303769        32.234804516997727     
   7.5729174180182213        2.4470016132763450        67.565405350777112     
   44.780062046348299        42.614107816766087        15.941538765114661     
   61.440305740260051        40.032377438032348        20.831821445363087     
   79.794699687042680        11.977483492394271        47.789282941766189     
   69.648428701162231        44.405457639289544        42.329011760840238     
   71.057448876559988        18.624463881355179        24.494952672834369     
   82.160821895239749        70.752228425565178        47.177803320152414     
   53.400150632920344        21.195898047894314        13.389356241449102     
   57.841481403625593        20.854154684196892        65.541906610147763     
   44.386036084700642        53.172330034312807        82.386209613653449     
   87.204121200462367        43.587532269394671        53.230182674365459     
   11.460686086737992        39.551961434214618        81.583751321593766     
   50.249451837326973        65.445981333878819        34.165500452245567     
   52.340522518979505        2.9065791141837161        10.162023766784611     
   89.362976036719743        71.262517714492162        22.005047455230009     
   59.244388815208701        52.683040831928395        68.664563535581607     
   25.746986241803093        87.419191797283460        39.655917720414827     
   19.809838382782342        12.203475833879619        93.810064131662358     
   40.912556324613924        34.893653335553424        36.230265038666772     
   60.386791980860110        92.600667355311984        27.429734459671028     
   49.600953444764272        41.873427785821768        59.985313587432351     
   35.498810215748811        44.116597248077696        10.634988700394066     
   8.8913875642898326        96.001508898927042        81.437580399577911     
   69.201009671653139        70.627338748548425        31.566257311750245     
   27.070437690410010        59.372429854798078        87.470564453395511     
   67.518094871881374        70.237677985597628        95.719718048906415     
   13.056988027692695        56.435381745507144        72.727771605974951     
   81.682263471758148        28.803405506847511        59.520948810821018     
   57.127698111160186        68.171279052017240        93.920631669068328     
   8.7089353188076970        45.597490369520223        66.635949054167739     
   9.0071292743012403        47.647672518681851        43.103876941184453     
   99.155032107182322        31.273146681947871        43.142066299292260     
   2.8283601761532107        5.8830110358838557        3.9852937754271789     
   92.278169189050644        32.612297171789329        8.8140574314720119     
   73.409614875802774        15.908490501175955        19.517927982005144     
   28.162224103941234        53.447441683360843        30.859242741529826     
   56.737227476931906        11.383643757103290        13.059093486143325     
   87.597617635833330        82.370049886707847        79.357394045776658     
   9.9415621191038301        9.3013727925052478        91.107729559983213     
   52.569087851847449        81.735853593356424        46.552640001361958     
   46.686030430607481        64.159734478530694        24.958740847944615     
   5.3801701465434393        51.031930265489024        56.258255236130829     
   54.494801408047643        43.045773909798179        71.054668491771636     
   49.888222628620703        72.342881884725017        64.544747664729428     
   10.628851035373488        38.998597800235970        51.579778692702014     
   72.317894972132407        35.369007931021791        95.592398093202974     
   16.088267381959966        89.484069320008544       0.61723677997944648     
   96.668546981840890        49.278079750277847        52.991053294490420     
   48.903887142468825        14.702973566535693        67.929763340063829     
   11.169121709892449        51.253025831607879        89.100820907440749     
   57.081268567746449        41.063360445318750        24.659536835958416     
   50.263319729601839        10.094794447596890        71.095645623107046     
   60.391148593559649        2.0873467879711782E-003   60.998407262661189     
   38.577860258472796       0.67682474516906899        38.843658529724031     
   53.372902626220110        47.258178348251555        51.218200894882528     
   14.724449260222528        93.115451759334078        71.805604709405230     
   35.561831201672554        21.662649402034496        22.571754529748944     
   24.943292820466787        41.222662724450899        20.566769369731254     
   81.397783720548631        33.175263700895840        90.012093840716901     
   77.673220031738524        52.658323648369787        32.211470171787525     
   94.903486547908699        81.608048617714658        87.180943128921129     
   62.095285646154906        2.7297518493135664        12.876326113542513     
   49.543313511582873        26.437032182599275        86.055127688857596     
   1.8322464891546097        22.192870185188006        64.945409009161907     
   62.466715061763814        95.966588558194658        92.678154126872087     
   1.1400298293504418        65.498657678234693        99.247093762014771     
   22.606612696396745        13.186017469366629        34.827295606817934     
   5.2692114378068311        85.672865052289026        69.749999036539421     
   84.638910143221409        35.600727325016699        97.748975994222562     
   56.651783700392734        67.624071682164995        17.921592242883911     
   62.549393578330459        1.6614323942619302        40.971542643610860     
   88.285137868580208        99.065371146355574        6.9347231581371354     
   49.698204911081447        49.193246441817095        64.710102269802135     
   95.376290583576463        70.073705599237840        44.991523067614324     
   31.828923969474765        1.3343071776830029        59.727507532185761     
   29.419037677350289        93.792952679326575        43.052902241303180     
   55.089312369970934        9.8103581677552061        8.0355281165204637     
   82.581817449401981        23.157828205238808        82.748742428821529     
   51.969915895876305        79.728803336779677        1.6454542110839743     
   1.8339454031528923        97.490142199690609        45.737318094062033     
   73.113261789162991        55.626535316523515        70.212299381569295     
   60.189699776993265        91.635866925762485        35.153345435462192     
   6.7970873036235275        95.398754905563379        41.793049077537717     
   50.951033406590774        41.761282586066216        79.613854444855463     
   42.227399067991499        17.786724531056752        31.523327092452526     
   30.112683946199649        47.455333612548920        21.093358599272094     
   66.262995954579168        58.196673945208119        52.422850640233811     
   86.181628594959761        56.521028412201943        72.625356842921221     
   16.251851457984412        59.992324457903123        71.991175382569793     
   2.4203442917692941        97.424615030544942        75.168118266308696     
   41.551480785021710        57.041950493004869        47.924298464725290     
   22.087637539639637        28.187379231977427        94.726961510422555     
   90.012989794089776        19.973313868173936        62.149539650440275     
   94.090827337971447        27.859082995138738        76.516504716367123     
   33.959941921122208        43.088161758273991        71.876655286462764     
   90.124387470806255        28.328107952558192        39.031927215924100     
   1.3675891603385115        51.895795681485403        78.175973329034690     
   23.919151313535814        61.294301123553815        5.6383258973995654     
   67.544220112712622        67.714626665613025        13.874999183787295     
   97.684697235007661        84.194311724463532        31.353919473962744     
   5.4229800817312217        17.201299824454452        34.931148006856141     
   18.505636026893335        49.339732098453418        1.4901616364262016     
   6.9681760938193671        50.313195259904710        85.281368959097719     
   25.258653932631947        14.786707542308175        72.176508361083037     
   17.212173585696146        1.8187393317831591        21.980003102996303     
   27.421693950609725        86.267688598595953        19.740715459671389     
   59.667836615892391        86.634474339450833        14.365710716291479     
   75.256686254168741        73.856372701756484        17.045361275105229     
   57.820672912663881        41.282815970814980        77.205343520910773     
   99.507018158698102        91.783554766437405        35.970523900337689     
   52.533644910792113        36.547834275979596        59.472557858412259     
   92.413120366670569        61.006911263042696        18.592401284068472     
   13.242719786172385        37.362974888718561        65.921910020280350     
   65.639663914834017        18.041985183961472        45.836016705585145     
   36.589489882334277        62.939959200072025        92.770599018928138     
   60.691067942495437        73.921956889187371        30.391787891930775     
   13.667492187787577        82.334626367403843        42.805978839468828     
   55.791779858373467        81.413097482174010        74.168919383029134     
   42.550559937323548        54.038766229030330        95.725075268264064     
   60.198284353318464        1.6802749345653067        2.1059413344583500     
   63.006531032617360        83.642788643943121        27.572530142924091     
   41.165992749537835        55.686271053105308        89.360583146272660     
   15.115081840437750        25.393267397217567        79.081795591707646     
   3.0335372505298608        97.290119262332837        38.063110510772717     
   16.705910377298217        5.8644394466912608        2.3261648259274681     
   7.1616210867130103        79.454302840608662        44.540909750378042     
   88.581235051435911        35.258672455834919        77.511592153184296     
   61.166671923782133        26.246101581827517        6.5715647373565611     
   26.660793942236051        60.094184167740984        67.621487277276842     
   94.114601806548990        83.278421808794533        27.790757729219262     
   25.751819760273488        22.047332363690341        89.322276203406901     
   80.287743505145443        91.596088049570184        40.618811868801252     
   66.352222669682916        47.534779521220074        35.007929168386099     
   52.193230370114698        99.658361777083826        41.077933495269782     
   54.109287075780323        23.699618474342067        54.244960011653006     
   50.534662287122714        98.289938763028161        38.466435106142669     
   70.623176450043644        24.155896782334828        50.654655940911539     
   7.4172537964395708        35.336180974679785        20.912929523067891     
   62.782870986385490        83.776379902833213        34.794981812373472     
   14.197722690609648        64.463992261216390        18.515461107744613     
   12.794599474998748        78.915079561525417        74.253501255849244     
   21.101313373805930        61.185014671290695        25.109131990599888     
   39.613917111356336        9.6124534264449437        10.015952948401097     
   4.8346736689854346        13.358324410413925        72.363790601706711     
   87.204831934249441        62.985908707476057        34.240676103008660     
   50.025130027170363        52.559938142977899        85.879779140293081     
   14.874928080297256        55.643797531941175        76.396020761352091     
   48.816526149471571        37.203775548052590        71.745216364072860     
   6.6884523979785833        22.295307867131974        61.436633743687693     
   98.954401092664895        75.440017724574886        59.278682709361078     
   59.310044382905893        59.057032950093479        17.291945132505894     
   37.506421956056258        50.889645981749929        13.027275764781631     
   83.690578423135932        90.373416608517559        6.1150835905455558     
   11.244053268695930        83.538256122019334        49.521464747786503     
   94.008459204839923        33.292371368847014        19.649179271653814     
   83.505601934047093        84.564625337181482        84.522696892668961     
   54.975964003181858        96.162320467445653        92.940874251124413     
   75.112755769653333        12.898306089698931        9.5696108805408571     
   74.728459063181035        70.689207285247420        79.484563833561808     
   90.063568461278194        68.072260591798837        49.947898998803723     
   66.724091368279886        88.077110952249555        63.017044767753852     
   4.5373438910995434        41.230688268575868        96.974312357536860     
   95.218515312750611        38.245266718847489        88.595549978744842     
   8.7375300220705387        23.060665230122456        5.7089737058612755     
   56.970573099770718        65.285904337068686        69.652373495864737     
   73.393701105432541        78.526350475039663        84.636824197576999     
   82.857474106858533        24.261515711638449        64.362950133113074     
   43.246363977728578        91.961192467748845        12.339371374986641     
   89.514205019449633        33.587247382368993        94.806066218521551     
   29.499815247857264        94.564902458202042        57.276190093715229     
   91.800133284302248        34.143022355905813        43.985803500783845     
   3.2532913826054166        14.504647836782548        71.071180740800173     
   97.943478493979768        92.515912166325236        27.550797879868217     
   49.196569428749569        56.278784472452074        51.386248003244106     
   21.734254309391375        37.456347315965822        60.240220723277361     
   83.023287310470934        17.776110459488770        61.032521335256185     
   76.469742208823604        86.094973263669758        1.5147905985155252     
   40.707117149187752        60.351292635147082        71.221028883307653     
   41.190225447309871        55.274200597809376        57.628548682037994     
   86.760899224453610        66.923850368414492        68.370772057967926     
   95.276635657854740        44.816629909698811        51.689238415624203     
   22.075403530358329        55.469224799929208        3.4301894338238048     
   76.161622929361599        59.071764922122405        25.353951673943786     
   40.327879580827400        19.292093578323978        53.187746625453002     
   62.685689479838217        42.268574242502929        74.711500075141885     
   19.353713868606970        14.736317889148109        49.113274780952374     
   31.750152753954598        44.804864005375769        79.888441835413857     
   95.080611065558585        35.994520188708123        7.1797988820835883     
   4.3034109952955983        64.993923630748256        4.9193402679519993     
   46.733838565321129        62.964141932558235        47.652667115639360     
   25.170515779538793        66.989015489063163        85.184411272022558     
   86.800856619631020        22.364816210572279        54.433697842087945     
   34.037484386976423        5.0280054442024209        94.877361152494629     
   37.055496380298258        27.616645346644198        74.547498241376360     
   47.880995717751027        59.606734533553976        51.567768717707608     
   10.537856420533853        91.719343414702209        12.941676240979449     
   54.843117283225610        98.607319495913330        42.880531658185106     
   19.308854079615855        6.5501416914436454        76.512900669673954     
   65.788991244615829        87.723701794837027        10.530805358324248     
   92.985668416867824        87.424702336016225        39.056244355044548     
   48.813451034162171        81.512703925635165        4.4103756878067895     
   26.954020311468941        81.950460040184709        16.116050404655557     
   50.550443785771527        30.863030343034559        7.4959418337098294     
   99.846597729980076        17.712953399860996        61.822459503241376     
   76.213573028079907        31.574286063433888        46.045455299162683     
   77.113765005177441        38.786956262888459        65.051934412932169     
   87.510804732873652        83.058205699669401        40.966684579838798     
   36.067074864068196        99.404366761904598        89.654574023362059     
   53.512499432305951        54.677972821630448        27.686370345194668     
   78.816156505194826        84.326264685246656        1.9105577902202686     
   18.043056983128004        35.158789868892512        37.282948990805821     
   50.379455011046851        3.6123224321284342        30.481071055828977     
   89.676426867398447        90.316001074716141        41.298836491613720     
   91.841711130492214        69.103544812389885        9.4691618619338502     
   3.0315714244665171        75.038669243594740        97.926022246227831     
   70.936372445158597        24.905081908007510        23.390383588726838     
   49.979959618702161        59.349336736017918        56.937333934957344     
   85.889954287369932       0.34738935833306117        84.982468669839932     
   81.031396530723370        21.939667500578540        6.9956547245126792     
   86.995646888817220        55.061681163000799        15.613261735837503     
   5.5778104736787242        26.078168932284218        55.300984323398069     
   2.4391728852476979        33.651573058439354        41.505323833947593     
   76.166948187072947        11.325417247391512        74.886612130919872     
   65.016275705943102        10.936684813143449        83.070466617925447     
   36.964295804848334        80.161059910701553        51.348330702002883     
   32.752867181735624        48.648572279117161        84.687593129838106     
   43.573723523035035        98.119689510199223        17.465437135940164     
   32.442132322378214        19.089538283443730        46.836058256635283     
   79.701264923868635        82.518141086248363        50.819499743910100     
   65.081612156565612        86.341215528445119        75.948197438004939     
   49.236587551290114        77.044012554806372        64.725116971278979     
   67.080902091886998        58.982842609124788        34.789734163115106     
   70.149067621504045        88.003181652753256        64.562222549512356     
   29.232657417534313        13.448485838517222        45.751543931207209     
   70.724111921269611        73.919269339415848        59.550092905247034     
   77.374585518912795        24.590545780326668        63.808492524193902     
   8.7453504102639297        48.278874369930655        53.713594471058776     
   37.253975984275002        68.670564067523543        34.707269573327522     
   63.646342822748124        73.702403989273733        11.905330589516605     
   21.159637037752933        9.5034839468193013        27.068548941748872     
   43.887875895016684        63.375725851098885        44.718815072468033     
   67.293608705397389        55.242068712135918        47.289416675444670     
   77.460234025036442        80.358896195952113        6.1846591262128765     
   30.198213849772472        48.003561865104793        18.345831068230780     
   50.967483137102832        90.257347134175632        61.730782886611877     
   47.440300105865205       0.90221815309934339        46.648545604945411     
   32.855058465867380        42.295214084971064        69.120429330814119     
   56.505466660391576        16.421357662431756        44.803563542814352     
   77.023203951852167        99.555616679559463        14.789860032734181     
   90.929785210291342        65.306860055892685        8.6237668416701219     
   73.501334015150164        82.772844973693893        63.299425616606932     
   15.819658053348151        93.952948584489533        98.267937198102544     
   97.918366796090012        89.993847837755922        9.9474612973149412E-002
   7.8614613405452394       0.63381024222185500        68.436416373144866     
   67.920718265661307        96.578127240851927        59.655844925847248     
   41.779366004467498        67.941169684485843        32.299439057818546     
   32.691683984359329        37.081818056187501        4.9651765480156262     
   9.3061022470024355        7.9090676978751944        87.222214455314514     
   99.802967418242829        13.481860904715870        19.110737041321869     
   80.375345091271726        47.602814986660427        64.301406554128775     
