      100
   18.000000000000000     
   9.3647797616595678        6.2672730770157292        11.822403664077346     
   6.2680818615102982        15.585451243151365        10.301489738916191     
   11.229348006445310        3.8850968709097193        12.522409063435383     
   3.6038931518618402        4.4135329391981095        6.2199345714744636     
  0.84011436396350869        11.819029683036545        12.437361683799548     
   3.1093502300997575       0.46713467696949440        17.836723444053657     
   5.8865647073560217        8.2120978088711638        16.953451443654050     
   16.943566316772220        6.4428773373653616        6.7191592930558084     
   14.666982846505009        16.823477806723965       0.49114826542808809     
   5.0504984340410886        2.5016820157049571        11.905620055827539     
   6.8533712874680477        11.449538919564521        7.4791501156043463     
   5.9352355796085750       0.56512753867430598        4.3420457031542030     
   9.5407533956344786        10.267665670077250        12.329509658192826     
   16.944901742916525        8.4883888786225210        6.7654698784555611     
   6.7904142744910638        15.465140116624285        13.572911813338088     
   17.370108153495753        7.3358820754430543        5.6166145495910769     
   14.381466434963478        6.5460106487204657        9.4841684113657934     
   1.3359335895741369        5.0105237384189936        15.439038011538713     
   9.3011175693636243        5.8717311749634007        10.073577854662449     
   8.9463456208682555        17.023691032761732        8.4359712448240849     
   14.830324178385212        13.745386522037389        15.779785670826147     
   13.523067405629545        7.0199638655697285        13.238510349366214     
   9.9238684492035958        16.282803336953755        3.0302827051540469     
   11.030825200068973        8.7390741333829070        3.2688025300022696     
  0.89938013846993226        14.080187965202565        12.281351040270527     
   2.0733728085168770        15.599596932122608        6.1492571664464659     
   17.891280955080617        10.448868105716135        7.2565886585939454     
  0.67381277296205577        17.488654572895978        13.977669392116354     
   13.451067141735757        15.735977748094774       0.88709535065060274     
   6.4335600583280197        9.1369027853817322        10.543871777770452     
   13.179639738668911        10.584814122983484        12.124452551535876     
   11.570036812274150        4.3140820989156445        1.4397574313921913     
   2.7176241733220401        13.530973369941666        10.973897538909153     
   15.046974706007019        3.5273564480065076        16.929802123730248     
   9.5075744265843589        13.400652046479353       0.42569476710981990     
   8.5708214972874330        12.722848136302968        3.0653833707602631     
   12.696471921024870        13.949512328076331        17.359531429012350     
   7.3826161237359695        10.676744278248705        9.6191135000769208     
   2.4727009539672933        14.948966320551499        16.239663309911638     
   5.3152938141287525        11.429454665352846       0.83032054839761926     
   3.8322105972461582        6.1326838742056928        2.1460337681083139     
   2.8616188715937176        12.205809475268831        15.744743866032898     
   10.275744302200499        2.1822511058068761        11.541556097012654     
   14.280937447134605        7.8379752836487562        1.8571397548737449     
   8.2047051673535307        5.4491974899850870        5.1177804488850498     
   3.8668551423906319        12.786446722118495        1.2881337026271145     
   11.432642701764603        4.8596716325547016        2.5326103675324552     
  0.80710674792956683        4.0930605737808845        14.888173402137765     
   4.5710366487919929        5.2223051702955772        2.0197091025216407     
   8.7199316492928478        1.7967621722077900        10.585151949601574     
   4.1909233578291065        1.8429782101357925        2.6512722907711357     
   10.545166626829905        17.488494774818992        6.5482658774272338     
   2.1117741454003625        3.3054687161695639        1.5728677068221628     
   9.7012132516161831        17.442076100903346        3.8898901337420835     
   16.686003769202614       0.27774000880663841        17.433275338657332     
  0.10329450554518216        15.613589116563880        9.9018052245695838     
   8.5666535355893103        9.5317698856670923        7.2758455460252485     
   12.543296331911289        11.504884270387684        12.292205353030766     
   5.7479375132116726        7.0105081089453751        1.0809040483857355     
   8.5266672933174199        15.934347074971557        4.3798540966360928     
   4.1608327915687067        1.4003569565153351        4.0370966904073029     
   3.8112765886522819        11.774595351535183        9.4843656723265930     
   17.980564644037294        17.760612119820959        16.807169871825689     
   11.101265033155276        10.335568154325427        17.869911005027394     
   1.9212949015980683        12.530994981477525        4.3835759837337189     
   2.4124198465737572        7.9513723634474189        12.874026041924889     
   9.3904126726874360        2.9878836853688799        15.645239151765923     
   16.089383548265729        9.1660010939850043        17.791654967268801     
   11.002398043704877        8.9261602675902498        7.1056211242069454     
   17.404509778462504       0.45117524735869563        7.1334564725031839     
   1.7251429311980451        6.3108353113093569        10.312342926112880     
   4.3683459071270860        11.479729424631609        9.3035860644646853     
   8.9541266682274081        6.5390682908785065        17.368547167764053     
   4.7062112942693322        11.221545694562945        16.438447859876355     
  0.11329140505602431        16.707695062517157        14.444263489509829     
   7.1376135612955318        2.7457851845347063        16.684207688059214     
   4.1308977161525666        12.676573437537600        12.524487600297352     
   11.792422575273948        14.479039158966055        12.400533921533249     
  0.21520547884376162        15.914899318404343        15.037726361793489     
   9.9774494856742759        12.478462351514848        15.503555015567981     
   10.622311595599811        15.544025902438886        13.946676890466252     
   3.1224436851276289        1.0261280504509875        15.814519146077483     
   11.468116191343080        9.1280126305631271        14.228423287733138     
   1.1066120626573464        15.209477574435542        11.238555767825135     
   2.0556432224445427        7.0536456977872231        16.629348657656355     
   8.4342828597460979        5.1770188317472643        5.7082817533703292     
  0.88117625249050269        8.5750213485260431        3.5457135847131678     
   12.255066045086407        12.118738776233480        13.632835335625732     
   9.8170866649683131        7.7418189534110153        7.6573127316549545     
   12.276744878569978        16.800712490345866        5.9158031970491658     
   14.629379920621831        2.7447687999467352        10.243765293982820     
   15.477096165729472        13.299890904102421        4.2201209112240052     
   10.731080246709116        5.6874074691777574        11.704855756129747     
   16.839375490032651        17.602017390631204        13.959230005008774     
   10.870617538014443        11.322855405896419        10.271597323416986     
   16.922080988809110        10.733775221897746        4.0227802174459182     
   11.111256853719759        2.6920795519699592        12.161648915697310     
   3.1720399028518296        10.897049622889959        17.496628081806890     
   1.2751042485404815        7.4613164313601885        9.4519351912160410     
   1.2559623721288080        15.192107800933744        10.376788802325049
