         100
   3990.2383603704689        2267.2988304450932        3863.6615019844999     
   2991.7107418857286        1469.5635894990228        1922.5475950189259     
   295.01705453593809        21.420917110908988        1388.3251540720619     
   1368.9752642913402        871.80690535389033        532.64164005463726     
   3602.0980576875695        1547.0640418296143        1781.9291575513923     
   2647.7287235833714        64.433201722237328        2603.4193444156672     
   2585.6353019353014        1291.9491637622232        3422.7696115413255     
   1605.1476774552555        827.49731687502765        3874.1578568663995     
   2393.5981372725387        2691.9229311050531        1827.5292426918481     
   1320.0604942934988        401.53170600870914        3021.8132190389074     
   2422.7730679209276        2876.1916536338117        3589.3384155461194     
   2632.9164819244306        602.86734852041855        2449.2596199868003     
   3914.6409525285862        3996.5690777072127        1027.1919447326411     
   2203.4616126208825        2636.1900715745514        2216.0205415872624     
   3911.0403944378018        3607.6932178418201        2631.6987376808438     
   2915.4340335982547        1609.8210602531005        3714.5106526161494     
   591.34076017556583        2698.1171962551525        3078.4572371035852     
   1357.2902085831404        463.27541979597254        2457.4767374460580     
   3282.4685578633275        3788.3786236962628        2924.5146074142199     
   1990.4156258521555        1499.2069631488021        1686.0234240181339     
   2211.6121530231394        3991.6771167124166        3961.5789921660530     
   2985.2386212292381        3815.0362469919155        373.09876133375087     
   2936.0947484633716        3007.0464637025038        3787.3940227039948     
   2824.7054530046130        3255.2386659299968        2234.3780783862194     
   246.82230750031130        1921.5231207414413        2390.7590887853171     
   550.12767534534350        2349.5808016267283        2079.8730516655992     
   3543.5133792518318        1215.2406879619550        2678.6292158890333     
   2659.7603661190788        2014.7075975917614        1046.3004816477076     
   306.23800604326948        404.99865117771481        2197.0629588874076     
   1502.3397899632771        60.598010316091248        3171.6617842977553     
   2483.5101796062049        3094.4143097142050        3814.3230439449694     
   456.97748853558949        1273.8505715022543        2387.2793848942420     
   192.61161042232632        456.82311210940395        863.85967670448815     
   402.29356997132857        293.36720999975620        987.44695891075105     
   1773.5370671851315        833.47029301783994        2267.9933709393026     
   97.249598786067537        1681.1623082848671        1591.4120964679328     
   3906.3417019683520        2770.4201319713284        19.773469947109490     
   519.68412978073570        187.10903854111825        3359.1109651390830     
   2713.9552888454787        2327.8032670994821        2934.1036778270877     
   464.17097867789892        3361.1986185101950        3339.9838941710836     
   2986.1455851544770        3372.8035722732311        2115.3560057402633     
   2661.9386659253623        2922.9462769569204        1642.4170545969225     
   1422.8863846585757        2941.5081693120705        1885.2706593004066     
   1850.5017373945720        3038.7668287832257        2809.8376770616383     
   1031.8632339386991        3750.8201302178959        1824.4143360197702     
   3233.9571880271683        3635.3922119554636        2779.5066532940568     
   877.95402516927811        3419.8182236912107        2977.5867587340476     
   1204.4522450820700        2687.8741811935988        2474.8561455135437     
   3870.2944456112036        3960.9572110961881        1352.0260677799181     
   3683.0689903528523        1356.2933598285708        3723.7741202651682     
   2186.1142039186052        1862.0503572871767        707.65638348758796     
   1511.9763900022876        700.88249129107271        1427.4330700048897     
   2662.7057003627033        2474.1970722920905        1875.7889751181324     
   1265.0074440885267        1075.5196347611297        799.68497529922990     
   1661.7119052852672        3917.2116533389003        2172.8463555074136     
   518.07310109801506        3218.9666551586461        3383.2840979870662     
   2836.1313499461230        2115.8930419663889        2655.3634707281594     
   3602.9570310741378        3764.6570697113516        457.68105253236826     
   3466.6703599888356        2529.4722948604535        971.15089822660309     
   641.58312404941103        84.942616586625164        761.01597374794005     
   1249.3605177791260        3238.5902652399154        2294.8739599848814     
   3305.0426848027078        1145.8194944844092        642.05910362974942     
   1323.6964568041549        1063.4134880756560        2179.1245120439521     
   2214.0812652616783        86.459344613784239        594.99223612970820     
   419.61350492718276        2456.8550660148858        1625.1639262679337     
   3606.1131453416742        3771.3524000662082        626.47942059529305     
   3747.8375189779831        541.89188605988295        1485.1287331233589     
   1286.0449003592908        2859.8569821899769        2918.8311099838979     
   1514.3711499927886        3315.7376290989519        3814.6575026822966     
   1233.6770163270514        2318.9624782026490        933.79548815701560     
   3377.6138722915480        1032.5298690415780        3358.9745415054131     
   2150.6251028830065        2486.2815085605484        1963.2988764848828     
   1139.3695418634547        942.23672913307018        2605.5197035590477     
   2428.6813614817324        1592.5834050022170        3395.1787669421801     
   2550.4679359005672        1035.2933445432786        1435.3239541813543     
   2247.3204485376145        485.87403804194861        3913.8775456621329     
   1532.8254313877480        2882.7950319352053        1433.0560984090134     
   3639.5262883952646        2174.7489273019578        3838.7015879585870     
   3717.8915901664427        2533.2833933900479        1182.4358990919768     
   698.95825582928546        3370.3143848955438        2474.3586171897991     
   2823.5715489891099        969.75974291638329        3191.8441894041707     
   1564.0560514658932        439.83715640434798        3014.7517369316670     
   119.18871024986943        2802.6431562937632        2100.8134686857411     
   3010.2392942374067        2590.7115560504667        3484.3390520530561     
   3322.8851949552618        3828.7217620151496        889.06974415998798     
   2317.9711807671479        3963.0420315595370        3359.8694142126787     
   699.22185169793534        2838.1670058671061        1206.2029414656781     
   100.16621484135557        3666.9587549079270        2755.2262848190726     
   3027.0311982200387        3730.9121809067010        220.03966317619296     
   1995.7997818774754        237.99594611005003        687.46438052102963     
   2753.4480144667618        1226.4821563724834        2940.7607649241900     
   3008.6736659412568        1582.8841065723482        351.14010648205294     
   195.85191245122991        3117.4475804989675        2723.1066660878714     
   1246.2798496382579        2091.0586663802528        2023.1858769872240     
   1754.1042373731925        2350.5571123852687        1189.3009045778697     
   1179.5982910780172        295.13777041325716        3899.7829529402461     
   2912.6505593202824        3032.3615515950519        1236.7048745832733     
   985.99329626876204        1027.5491744079602        2472.2510455155261     
   3751.1529409348959        3968.7296608400197        899.27684004247374     
   3789.1360181446512        3391.1414673746153        2800.5052935834660     
