         400
   1134.5536630936595        1594.7347581921672        3929.0605808784303     
   3087.7326473988933        2611.6316834680424        762.88643029228444     
   2347.8723563730637        673.07885717142301        1916.9448191978850     
   2046.6234569781432        3324.8183517212979        1184.3126724381534     
   2763.0944198579314        3216.7891974653330        1250.2374315045436     
   2910.6499443291550        1060.1756778805659        2545.3252546513177     
   1600.6800245430441        1551.5336787050051        1055.3710145802747     
   2358.5231598063315        387.52056532417754        3384.2282581962327     
   1066.1513838509488        1765.8095639288608        167.98233790138272     
   928.02683237188251        3202.4622162724741        166.93131673640639     
   2822.1861873062990        2011.6445892196687        1994.4130704353040     
   3142.9476932326215        2390.7992651189434        1850.8373284573493     
   193.69399914344277        3974.1944761200325        1705.6188723252953     
   3712.6171766064122        1411.6630148830657        3404.9803064471607     
   2905.5850972339626        2284.2698263542034        1186.2577748635847     
   1517.9827059625909        1289.5680221333059        1611.9532982488188     
   392.99982465462068        625.78235737604655        1731.0510015152563     
   76.133003050530505        3399.4339601175507        2100.9502796159345     
   519.98179521899067        1589.4599571560507        1174.5293470703980     
   832.37318857034563        2522.6443979703595        3881.0607469714550     
   1967.3678072368882        2179.7500636716350        1018.0092670402177     
   2561.5274491818050        1183.5314764045797        3254.0894566173979     
   1111.2219884642714        658.18424117787663        3127.1063316334412     
   1852.8887688867703        1297.8694085321986        2415.3858434057688     
   3599.1765467906152        590.32467852440323        2736.0624070010026     
   2517.0304813633402        2887.5356315688118        3020.7320789233363     
   1741.1800887968259        2729.1232837879252        779.47498711774131     
   3897.8050165218947        1610.6840269922484        2311.7001380444317     
   2176.2912045249377        3716.4754756085745        2243.0038251854426     
   2765.8812165383156        3546.1066778901441        3102.9637457942599     
   2775.1285918883832        1054.7628574768307        2531.9038652719969     
   2580.2397862078360        1147.3411473842164        2283.1619735637018     
   593.16943572369587        2336.6330208575041        77.194366541458947     
   2774.8286198643491        524.57773266061031        3610.9712724542128     
   3185.1563346174667        2653.7976201784263        446.55300079703642     
   1462.8859105489616        1311.3527956757468        3541.6602469093259     
   142.62047771346121        900.06072343924882        2175.0381887844383     
   3801.1098201910900        288.89708641201571        222.70182922060800     
   2746.6579242900680        1698.3956925693110        1487.4797923218241     
   2389.2030584334889        196.01695117350948        2421.5011954517504     
   2216.8044365268711        3675.3706237876654        1355.7776847014557     
   1273.0424747901582        3110.1643623304763        475.49812707399798     
   2518.3802559667429        1527.0018067611536        3967.3649133686599     
   2544.2801324576390        3756.8914628092461        2752.4899083013470     
   1582.8633147940229        177.19910977123732        2377.1350554697106     
   935.93528800719469        3916.5195215985241        3563.6474164656420     
   1560.8506345814940        2930.2199217352222        1218.0747580319933     
   2868.9492001427470        741.32390305524564        345.63252754280160     
   2943.6674404504415        1571.8488992646237        2550.3016563229398     
   3225.0084414842199        14.540119000154395        343.11620680920640     
   225.95581103061946        2651.5376890878661        1799.9235574240836     
   3589.8456465920708        2722.7309333167918        1320.3756217585415     
   3554.9244836391513        2791.8717957945328        3435.9063569391074     
   875.68345871089855        1679.3058412418111        2719.6581693960029     
   2145.2986103229796        3067.2905521564880        60.318705192429434     
   2760.6462514191599        1162.3549881434001        3308.7708118111705     
   114.02240563983580        2670.1562582477281        1130.7179179787531     
   717.70463581724675        2544.2879303658365        308.94309203989945     
   2246.5247853021879        102.48907950513563        563.10524825481332     
   1707.1059678259930        1213.8118044271012        154.58308414668130     
   843.23631226464715        2029.9082602259762        1147.7175002256406     
   2518.1636369412649        1431.2320427572320        2246.7960642433663     
   1282.3096934830528        1955.0765828831200        3574.9314476690352     
   320.90255530689092        3100.4349803122682        2953.4813407167931     
   1364.9605730005426        823.27592917110076        2744.6197248095914     
   1327.0060802430166        2652.5847394805392        2389.6731114929012     
   2903.0315456397611        1485.0567891948829        766.79289813597279     
   3032.6001245266802        703.70601826345558        2855.9800008204443     
   2532.7985657318345        3596.0570696234008        2637.8584467127389     
   1089.3716329053818        3644.7953642092011        1721.9103171653746     
   1872.8382605273373        1873.1249894393218        1446.6162538971621     
   3741.0730852044894        3041.2048628275934        2548.3840064576675     
   3502.1703776378113        431.14272419321685        2912.2673192922571     
   3687.1623356247364        2047.8520484107312        3290.5657966751878     
   2592.6611631480228        272.12773225675858        1379.5056826788286     
   65.082558154788913        2160.5192415604311        2344.8970819755045     
   1154.0089453491639        2339.6772006860283        3802.5531992771776     
   2229.0606601327172        2279.0205733799098        1854.9970569794523     
   1804.1940025327174        1623.7802644244398        2393.8745831919127     
   3749.8507821810858        1713.7020208064548        2282.8944800378467     
   407.02435351845435        2372.9700394617262        344.09380797754619     
   1243.6737423549680        1613.4968463020307        1203.2571089644168     
   3577.3006714314688        934.48505968647305        3552.6283475160603     
   1836.0535927588294        1342.9764879080933        1602.3796002849951     
   2930.1808662461981        1624.1094040700164        2175.0902117251012     
   734.31615703170075        1658.6730973392339        1277.0139302845625     
   2507.5733964348810        3671.9903945006263        2533.7934503832093     
   926.77779976867305        564.45187595288360        86.565906576767659     
   3471.0262196641256        1254.9927381952743        2965.5920665595163     
   1232.6537290601900        918.55909607788760        2649.6818105610751     
   180.64279347853639        538.23226919067270        1430.1223916800700     
   864.02315245243949        1357.8325283421764        543.22569440547363     
   1580.4715749619641        560.00584417099788        60.989433376952285     
   8.6897629785855912        224.19064770619323        977.25097451233364     
   424.66699521739849        1257.8094862719747        3977.7821652825219     
   2225.5236356972950        1048.1018943729521        668.36264775875077     
   1006.2100885465726        2838.5109230038311        778.52579264361668     
   1685.0672064579903        109.18454319074567        2066.9313490099016     
   2636.8956217181362        2603.2265245714084        2261.9280258923541     
   2848.7870537227273        741.33463187481402        3656.7065473553189     
   449.41071853967384        790.29806011029575        1251.0548064200639     
   1412.9411594336973        2050.3654572491714        3345.0214852738268     
   1109.6066825801815        3218.1716772912291        2880.0628047850846     
   1936.0214689679171        2251.3908434785308        3043.0345806993819     
   3963.9117040670540        3904.3220818860227        831.99790269405764     
   2065.0543303031923        1349.2636421384523        1380.0051892743800     
   2172.0839139385716        3859.0855526351356        3650.5523791360051     
   341.26693601154392        3778.3521293720669        2899.9100766763286     
   345.09275017241413        3309.8889760980783        1998.0039122380085     
   3821.8337040149681        135.48730320638791        2315.2083221818307     
   2827.6675811209329        245.26723119288141        3764.4663732165723     
   2097.4302767497611        2371.3286985626169        3416.1445661343259     
   1683.1824981922155        2796.1389900320737        1377.0625458465945     
   2636.2320786543969        3697.6233813918152        2896.0854066460797     
   3057.1032922395048        3505.7535028046759        454.03371273930838     
   424.69258546532365        615.45480652168112        3904.3998339664181     
   86.486540691315554        2567.1630595457900        2512.7258084694004     
   1978.6520589048694        3071.0480324828541        2901.1122207377266     
   626.03810739213952        698.28222437804175        1626.7876623027280     
   2708.1580095979712        393.87760323926011        1693.8787301496684     
   2041.8442944621941        3126.6161805759907        3646.8831805078626     
   1545.2715078239562        865.19041435454551        1474.2459557978514     
   2097.0568755923518        3670.5934574706735        3794.2539662232884     
   2237.9699685079522        1394.3230889658396        3951.7543892062267     
   1698.8820000835699        959.41815131505189        2009.0855843787035     
   1704.6856542510204        3150.7155736079430        3993.2514382441109     
   2830.8555871959616        3809.0963571754146        2063.0727074324313     
   3008.0831281247160        3226.9893560227006        3350.3840913477779     
   3937.7524242389218        2571.2493353205696        2267.3145180822921     
   3502.0267227678783        2168.9295337782819        2657.7516353442375     
   3882.7892939063681        2491.3237010635185        2514.8582675675602     
   633.74808889499650        483.18566883033265        3845.4806088668638     
   1328.3957688277569        1446.9524878248601        1294.5829044979621     
   847.50609294647722        2847.9833924616069        2726.2914174829516     
   2881.8742394969267        61.571967940600828        119.61622667457617     
   1422.6148765522209        2365.7139594236100        3360.6630168281017     
   730.25791310299587        1085.0685318677661        1472.1893395507268     
   2241.5229840402844        2522.6242660307048        2628.8248302128959     
   2694.7766538094670        2951.5910501258677        851.15352204032524     
   3530.0413783452059        3483.0911642503211        809.93732336608514     
   3820.5080705287664        2816.8464245112586        219.28991891152316     
   497.74495492429696        3764.3994180305012        3389.1468399546975     
   3220.6833006202351        1160.3555025911305        1782.9131486123906     
   345.09309402142827        415.29498635888683        2170.0337148210247     
   1489.2657866813681        2977.5694627988732        684.46460163896325     
   1861.3730877949881        3155.7985649265870        461.26688117348590     
   3489.2927330961870        2905.9263037394089        1259.4463513800949     
   2777.6114678837121        761.10775530215142        3620.5140415297083     
   1849.5858125463460        3875.2439181348100        490.28508734490026     
   2707.0415397229967        1958.7015998363490        46.063991968047887     
   3309.5038956820963        1266.3601875729169        958.81305764100364     
   3391.4434408111770        18.546227914984392        3709.8805075191835     
   1510.9586996499047        2445.3039204845650        3801.2697260193054     
   3631.5235186799982        358.57970526985025        3810.9726732686750     
   2681.9317743048105        2112.2667153187249        49.034897512081344     
   3189.3986810041747        2149.1048809579352        2492.1613063774048     
   3878.0019227970624        985.62562081122485        54.293561493953476     
   2469.5528475422898        515.95236784207589        304.04993214435683     
   2204.8077592491204        753.01832349634742        655.31460382866328     
   1668.7178446334765        319.98356281422468        2580.0517833582053     
   2620.9887392347373        3994.7520977815898        2715.5116682882972     
   3234.9564188901336        1502.5699589245983        3042.0140693236522     
   3217.5795550352104        632.72336265866215        3329.3583841564105     
   1860.2191896924171        2605.3699182674409        35.536740664539934     
   62.357910949956796        1224.5370114471546        2682.2890700417570     
   2895.6936105678355        3246.4505406629819        3278.3217102546650     
   3534.5250888379851        2343.6136556305310        3372.0095535650885     
   2924.8729577680201        2337.6288553900836        1697.4041096186352     
   3717.8835933772621        3291.0139596561880        3629.0643080002210     
   2688.0332165938598        476.23039634316910        1024.6436460307057     
   2477.2328334434983        3378.5646972715713        3300.0830404790449     
   1586.9299688654403        278.79454743206009        1604.9445509948823     
   2403.4117486308478        162.64633360338365        395.79258367935790     
   2099.2837958458804        2600.9828682598568        1256.6136728481467     
   946.74939671025311        1.9969010366160944E-002   438.27652753179439     
   1625.9632929387542        189.82983045625889        3572.9323357156300     
   3173.7165212550931        1387.7103055787713        277.65754598277147     
   520.22582041536805        1716.2978812547981        1901.6443605405921     
   665.60078085442683        3327.8172225573690        2622.1972618470613     
   2969.8256742635758        1896.1692472618713        188.12296575513221     
   3598.0778370949488        3092.8112181823644        985.30754597429393     
   2979.0532998972553        1108.1040191225995        494.37501936362560     
   3136.4309481353321        3677.4994551484929        2529.5165066346954     
   969.01367093376086        2413.8300178740074        446.42303171466449     
   189.65033764209727        2228.1973439789408        223.20845951058209     
   1799.0548617709048        3558.8551625304776        1520.1884690243830     
   3480.2201225009594        458.91973850598600        3743.5490328436726     
   2644.2856774695069        3298.8872201819318        3688.4972321273776     
   617.06059461694360        1015.5460507102018        3647.6806969588170     
   3892.4267305036742        725.29180011899632        4.1994430912968284     
   1782.2528767600954        3463.1334306846989        315.54524761482440     
   2877.8864288028522        1904.4990751462815        2170.7804495473347     
   51.024158479035187        880.58869463228848        816.99148741031013     
   1804.7146678851011        3863.9577962023568        3562.6993877542618     
   1603.7336053125771        2037.7568023326264        366.74877297709730     
   553.02658270063444        2270.7110682616135        737.47212453506665     
   3042.1226223983981        3019.8311427520025        2848.9305320144185     
   2680.0228164832042        3957.2401632685996        2566.8516994264528     
   3052.3432267821886        2573.2578272239052        1216.2003953495312     
   934.53226198453535        2893.7985372753096        3486.1461249165395     
   761.26972382920451        563.15519304556540        1526.2583960755674     
   1680.9621807245533        2971.0231876851717        1594.7954795971059     
   1508.2110986667353        1791.1399608378579        3598.5679390724117     
   1178.8740762704526        2615.9272892787253        234.82463037615585     
   790.11594920184973        3111.4585224954185        1025.3474213617317     
   1360.2512707270510        1997.5434367187245        1579.2946292839915     
   3270.1383494901920        1707.7542189890137        3054.0753190665082     
   2302.4309571367644        3592.5677197876080        1554.4474934049197     
   3652.6328831016067        2133.9521411488304        1947.4258581225113     
   3955.8024646814174        2980.4497146698632        911.02954184715963     
   1312.8284038743759        29.676857906952847        1959.2437230542669     
   3547.7376989966274        2482.0075936600638        408.76237149322401     
   1244.0794576179335        3256.4872296187787        90.966622133162645     
   1798.5452952137639        3134.7813231577070        3682.1300136150858     
   1563.4074478525361        1756.0276423698272        3932.1807952926338     
   3802.1266097421521        3219.9821939230701        458.95196473387665     
   329.61287857486400        2123.8940348599076        1654.8147859667588     
   2739.7456926036057        103.16856868419100        1249.1825438015410     
   2629.1886118605275        2141.9519268648846        1738.1608050297145     
   3716.8232296691876        1675.1739752417775        1276.6239140128239     
   1386.7599820673465        2192.0733450723978        1396.9565930422693     
   3778.3669867141498        912.50853101866005        23.868112339900271     
   1043.4987650680628        3422.9563807115260        3790.0348657284940     
   2317.5571299173534        955.85247893161272        2445.3712702372914     
   2365.3184546666312        3636.3003637758629        3451.7366879845272     
   1310.5153396976416        2185.5584011509632        1832.2319905879003     
   507.71194104709895        2975.5468396181500        243.25467228908292     
   2140.5740048487182        2398.1791289545522        1499.8611992767549     
   3137.8655148055541        3141.2844412083386        2190.4108837000599     
   3897.3291121270781        892.66857000796665        506.27984335250130     
   1789.6554930775724        2035.7135836857653        1384.4917192485191     
   2540.7307376354197        234.59620885029329        985.62675883806560     
   3226.3066415735620        1222.2558328537070        1784.0314957925698     
   1046.4821020305465        3376.6421110969213        3063.3913782485974     
   1005.7473171597616        3872.5321536653464        479.86103439113623     
   1007.5854932381003        3841.6441678755396        1043.0472417597598     
   2848.5534524137638        2072.9673706723324        1355.3574267625411     
   3699.1446348353902        2642.4843061610500        2232.1895278044344     
   1928.8283006857498        2703.5134958033145        110.08146081080471     
   2988.3345320297421        1224.2572616060024        310.36480120515631     
   3110.9006064762493        728.91572413986557        3416.5284075617442     
   1203.4799685944279        1580.9374384450448        3439.0375994503629     
   549.96003098010556        1209.5824238319203        1427.7750038696370     
   988.26809035077542        3102.5361919431934        2334.1715727512133     
   1781.9267378654256        31.845509218346280        1446.6171991104898     
   3013.5605106685330        3586.9807885579180        3467.1080416401305     
   3551.1358026173812        3999.6210634175595        2445.1073874351373     
   1405.2278423527955        2703.2079876629277        646.34795739649144     
   2773.4159101845039        1317.1158664476220        2419.6711244341759     
   2155.2838243301294        3771.0767504504433        103.08329265852167     
   1157.0729420362720        3134.7892794789500        761.37280298622750     
   1717.1353866302654        741.59290475204648        3241.5316195019213     
   2537.6118750474548        3590.9717248773618        704.84260019752560     
   2716.9385157742863        3554.6782337869672        1441.3346467348297     
   1746.0934880644236        79.254777576458935        1875.4888689421364     
   2798.5352720177721        1398.9653562717201        2847.2931633205876     
   1054.6651868605675        1389.1698683154671        182.09402087026038     
   2916.0235374433150        406.15730589640674        1612.2794396525121     
   2421.9065596513237        588.64936913109875        3500.1334544034867     
   2507.3694086397836        2448.7479060648043        1602.0368441567289     
   3641.9053410927277        2154.7839871594574        3079.3633629319575     
   2782.4407640120248        1755.7755506041706        3368.5196174320199     
   933.31198908613408        2564.9016471167856        1657.5963989452655     
   2937.4502090209835        1386.7128169756895        1132.7945977863831     
   406.21209669980283        324.24138519561166        2753.0231989945714     
   694.96731452067274        3631.5889777340840        2932.2189080736439     
   3345.8693649893789        866.66792066386927        2302.9873608923399     
   1757.2715372926893        3879.8218226900881        3090.6544638606338     
   880.71969594000211        3924.6190347681768        180.07459905710687     
   569.64259370629259        2470.7213360372557        1865.5046811274926     
   2439.0408188455472        586.17203994313093        3907.0003191850942     
   2727.2722061622894        2793.3429332677865        996.30396896577486     
   138.77139211057931        3815.3279404916375        3149.2719012327548     
   3008.1134213114024        1698.5856778128282        2123.8900218227564     
   1528.5814348946651        2129.8766560412660        424.95590650987270     
   3881.8854681550329        2132.3277469686577        1572.1758201957896     
   482.64079847548749        2988.4368719610616        3612.5472896755191     
   3525.8322440145876        1469.1554121885861        3476.4816492273048     
   1642.6925203953524        3597.9902265252476        2111.8220797181630     
   44.516059187013738        3241.2207688145295        1753.5212996426392     
   1479.4885525728967        1069.1229762774460        2141.5974096399514     
   3623.1353628887800        1787.6957220803820        2093.6848984619805     
   3350.9644542601577        1193.8516009693149        1143.8162739996812     
  0.62599903822047054        3099.0161149537907        3988.1741000761681     
   2961.0584413467936        3733.7854643617643        1701.9692673572090     
   206.00786500502767        766.34880773934060        3612.7450276002514     
   2065.8942944174696        1931.2880171084230        1760.7232265317787     
   3378.9993193030059        1253.6245353218583        1039.9991020564651     
   2894.4970095045337        2903.7223781665525        25.523534834686501     
   1751.1228397479513        187.32205138921910        456.95132876443046     
   466.82774238266768        2344.3563033179998        2531.2394865181459     
   3265.5103805720482        2564.7103425186024        2927.2578712058908     
   1736.6667185861857        2342.5978239028650        3824.7008976510415     
   2560.0790972261598        3856.6428301061937        1353.8593021247270     
   3714.9206888400749        2525.0263772247472        2980.1920134923262     
   3154.2170455258633        622.55302314180392        2489.2414987579532     
   3627.3127595205865        2359.6942544686958        1789.4572393667656     
   3585.1637480738714        2921.3555044985637        1159.9888669039178     
   401.27082356563193        3073.9091171930095        1526.5779204715018     
   49.243809211987340        2702.5765784949344        312.67821200282242     
   1472.6355638263381        3377.2504872153831        3983.3389497377311     
   2845.0919183071769        1973.8983958954166        3200.8013052364436     
   1630.6407619807896        2396.8236822656586        3177.5453074219231     
   2927.2238996388987        2463.3857897217254        926.32990991561746     
   363.67244256311528        3094.3445846196037        3100.2844686242606     
   2471.2237750937816        2464.8089442818650        3899.7469348295867     
   3496.6274212221065        1228.1810846958897        3613.4837354723968     
   2137.0541774595222        2288.4718281647001        2889.9486230457387     
   2577.0876535311713        2009.9060613780550        2609.9988112188744     
   537.12232923253782        7.5315102580582050        1490.1491508275933     
   439.88397655306557        805.10704548366527        1206.4732825090596     
   1823.7356842146121        3922.5607985049305        986.47931608874774     
   2388.2772208408246        3775.6149523886447        979.69009812254001     
   1689.6950216749697        1264.8083157478075        2781.6171261423592     
   1558.8738015850288        2636.8380932189834        2698.8672235072054     
   2945.6874267590852        1662.1645385088736        2218.6755883653400     
   896.21842472483684        2658.2231158868631        358.98412354180653     
   3728.7475224992172        600.73953429461380        2241.5604036633217     
   3467.6590785561975        1929.6816038144518        3695.0005233281722     
   1890.9407677371908        688.37047117101281        1223.7771306327593     
   3841.5010399332555        3594.6106525058194        726.26999473553951     
   1440.2388630094447        3693.3398213279211        2003.6705812772434     
   1084.5130468526611        340.58653524053551        3835.5365253729269     
   3836.6148581196267        586.29563659558983        2009.1703504815230     
   3990.3693324534897        3881.6267183975519        765.00010282350001     
   930.97524760029773        3774.5915109628313        2859.8164692223272     
   2341.2511397365001        2771.9762849800804        2298.6839785687412     
   972.61545047029460        482.35282785769897        3504.1529545921740     
   2459.5858277793945        375.95349737883407        3667.4275634748483     
   268.83097361236264        3974.8906775282594        3588.6772508682920     
   1464.9537489611419        900.61713842131928        2796.2365028960676     
   894.00525076711506        1301.6203304128146        3602.4582042823822     
   35.267454035864617        1486.5411856797587        3203.9019363277744     
   954.48273017717872        5.6238696226826868        1575.4402983443199     
   2347.2311537632968        3746.1006245263284        3728.3357050019731     
   638.38054790083106        3200.7786071454084        2333.1958494651476     
   731.94739676986001        1366.2657736577396        2931.8125461238556     
   622.55745192963957        2988.8168304095129        3994.8399231992403     
   1416.7031138298642        1398.2919567815034        1120.3969173325156     
   1255.8772479888733        2509.5134213118358        3376.4851312609590     
   1608.8474562928066        2636.7830019557332        3456.1614150725686     
   2637.4057087276601        1722.8098564916486        208.24643027977129     
   2488.8294868621224        2812.2928587511565        217.46626161922711     
   1461.5249283844375        2809.9342535180103        2049.4754097189943     
   2682.0670788694838        1994.2946751679699        2188.3976427597031     
   1886.2562785010057        3962.9804819065926        2215.2848905636524     
   1878.1465149764292        1213.5210329611441        648.94503538802621     
   1942.7197145898640        1516.2150252435138        1152.4108107202794     
   3747.9167283425991        2391.5139846772618        347.87521837603560     
   1985.7470237866805        1893.0080514903636        2159.2542984414249     
   1672.4825113456689        3396.1315820702812        2288.2387353198533     
   537.59919960680816        1866.9075702136806        2814.5469477851266     
   1194.6692486253442        1042.8318507549452        1808.0732979735837     
   3508.2795569202785        908.02173060556288        556.98478963767559     
   1193.4832501009898        2122.5705197542602        1735.2183566606150     
   1777.9166107989370        1948.7971624068839        275.85653878391270     
   3616.6722402304076        1381.1762281674644        2289.1672531030267     
   2427.5359688370581        334.61206724027682        3489.5973382441562     
   3124.9341972246825        2210.2539708675481        2247.9609704829049     
   3201.3734324124430        3229.7677537179188        1167.3336985669364     
   675.21402056448881        3533.8592995779750        411.19698973152953     
   3402.7248253581952        452.86893948446891        2212.6699375200806     
   1609.8487554254639        1348.0624662783321        3506.0279727556626     
   127.71118082142507        3906.1168230303742        79.357219540598493     
   1489.3551262025283        1648.4506893687230        2720.6634655173193     
   735.58892591104018        1718.7652709754566        1424.8694509227673     
   3087.9642018316354        862.24445769557610        3330.0129871422755     
   1073.0460706889321        3704.4700949877938        1475.7046715212341     
   895.23916353874972        1681.6002929618974        67.830275639665146     
   3477.5620665958904        2582.0756028780515        3946.6307950038231     
   2364.1863870551415        1950.0195386666510        199.81036900581194     
   3684.0733323460595        1177.1348612411173        1845.2675233012990     
   2763.8861750777751        2348.5376876548767        782.79878331386101     
   1462.8093804050284        15.671746422370791        2114.3349185862307     
   71.542493943278714        1064.3762738225141        2345.7430140954216     
   3046.4667827894305        1636.9266158244948        276.79727811730936     
   2420.8758822782520        1070.4573612453755        749.55788395606328     
   2536.8273853372707        1227.9874203071688        3922.8369528704543     
   3544.1762581447551        1943.8336717051957        3518.4057317345628     
   769.32363688357077        1138.2683398113463        995.11704388780322     
   2951.4171317104933        93.440336067073915        1143.8767307827775     
   1172.2724669764525        813.81296413682412        3813.3348660703050     
   3988.4390769642578        200.96117074446474        476.65996144942159     
   3989.5170515336804        3414.2415136548098        3713.8137237774927     
   2572.0782878407563        1201.9731162460912        2393.4333011491171     
   3557.4052779325721        213.20179204892088        3277.9474338892919     
   1340.5626777546104        996.61933079893174        470.25895862644740     
   2921.5926738326048        3859.4761307917433        1124.4053340488956     
   1754.7611786331006        3441.1146816462419        417.32803268432718     
   2597.5798461771997        1748.3684953852735        1697.5068954538424     
   2416.4118343699233        877.03830700834646        3660.5462256772789     
   2045.0613974798948        2723.0185865355033        2007.6966661944375     
   1500.4275200515212        3382.4332334293049        1817.0138210717491     
   3330.2605400929124        2502.7383708115904        967.61396843415605     
   1799.6576814753062        304.77283669219315        207.92929342226120     
   121.38375993469852        839.53652753102097        2499.5603381671267     
   1662.5099184698956        289.48270858270143        2317.8530488808651     
   1604.6485691961675        938.25553718109950        1409.9913340175956     
   999.00922640212025        893.02047106627037        2271.7135219073011     
   1680.4336779416640        3651.2219497520168        3483.6992729779195     
