         500
   100.000000000000000
   88.282686979320232        63.397241156544894        34.990181431009383     
   12.120012496992860        56.332190732738020        42.860525808463166     
   95.107026843025011        45.872604647006789        54.500351723247796     
   86.133969739313216        4.6804842085232163        15.353654346725509     
   83.452881089818050        5.2721803246338350        50.341748670963440     
   88.947084529720271        27.275197676628427        83.363047660221682     
   51.965297951492374        98.392101453604909        67.628571053244684     
   42.911862904264510        93.851518282834363        57.939677711802084     
   50.015186418623756        92.241767032860452        99.096337319595634     
   78.694282547263597        78.161694806854058        51.204009665200942     
   7.9801929666176052        42.649871662384932        50.814656960031634     
   50.668517778751877        70.518190057962912        85.349826359063954     
   11.614760316367311        56.684203863555119        86.580973449562549     
   95.618009549393250        90.025536593590630        39.279281596348525     
   89.949311434131886        44.055265314615987        21.598585223789200     
   44.189530989257484        7.8564148732401584        79.561266003658034     
   30.586352655227810        35.408340179615919        94.626823103361133     
   7.0920717727577909        78.543070360694372        42.442124484543498     
   42.808233503596405        70.583794359788186        17.978970087478928     
   32.741969727563799        23.220347139349361        12.843752985882839     
   89.422206433977564        62.024014824820341        49.610159543609136     
   8.1069210613149636        94.309278046699447        80.352581575668836     
   7.1763334102037284        15.504474686745439        73.669404457019851     
   61.432404915728434        65.068980750579158        51.836522572191612     
   80.253633903034995        11.783121482886028        57.996456647130238     
   45.496249043643800        42.258281123861053        55.436118770360444     
   38.362148471178358        46.544206498431208        72.847667344254035     
   41.398927611060465        54.043835807550799        53.818042449484423     
   68.844648426381852        90.040781028614191        79.768513886494446     
   4.4695159819973291        40.769453728593795        33.958311703630010     
   67.565023142495392        52.080126989711552        51.230993195741583     
   14.161181116278708        48.170245708020730        99.316625209463851     
   61.595930323725888        62.062417980614725        93.139971264668546     
   45.100908183723078        88.210101653803363        36.198354642241867     
   55.268760442735520        95.521788243043517       0.11367726828206415     
   50.564835876098513        68.027512122918154        70.157767107123334     
   75.745403108786689        31.123005597787778        11.726926990328856     
   86.959237877241350        41.074667411747420        65.205838257968153     
   20.439402514425499        43.468464219269123        32.250012552000285     
   23.770163005124079        71.481575883592129        6.3099320543307691     
   14.104186649962990        9.8903690885484572        54.866414021538702     
   46.499232429201619        98.080795937701950        52.880695167209858     
   84.687788973547597        66.714097088454622        18.797836546629089     
   33.251093162178044        4.3504229155067247        90.835381541294936     
   46.997591098674661        92.383604435102299        32.514440907840402     
   82.927846066800313        4.3251248227925698        71.696229521907952     
   15.575558574552728        38.434180254587844        28.845372920831981     
   26.640248349300212        98.503910099759011        19.961598088229128     
   69.857876299467875        16.540793621531147        90.805118295747377     
   36.714637697330190        4.0768812467815385        93.929524361171957     
   87.685917945286349        89.053266733711183        83.758546763446617     
   30.998584198311452        56.794646958399163        22.129360053938775     
   32.794790431309153        95.130516129871296        43.157676366474803     
   63.741499717398675        99.376947389292013        64.078236119222638     
   21.344061034586868        34.388627964797145        30.156922467831993     
   17.576386433890121        53.290233802301678        38.948757530935374     
   1.0504449722114506        11.256224577532247        53.236547708302851     
   64.889773931091838        61.503757764603506        11.279349677072325     
   9.2473920945651429       0.14934730670956853        81.934400318232605     
   15.562423221478305        64.377543235806456        85.214221664162054     
   85.650778595229724        34.963198505966901        74.159690693599401     
   33.706316108692050        60.302422192160861        53.929363852238467     
   86.498388284883561        54.811962796829164        74.283510680557697     
   29.819376929089202        97.371450065243479        57.316522648448100     
   76.762043582631023       0.84693260672165094        86.817675123917979     
   74.418112402303038        40.144695153068099        32.324879100890080     
   36.120650849253998        61.484010036721656        24.144828740434598     
   7.6898172848266384        54.784161493487375        8.4978157060998321     
   91.239710471182761        60.388249888381921        7.5717920134349859     
   9.6401673366491085        93.245437616675346        28.927499322437011     
   26.926527448108995        70.706388862227783        51.799200341685179     
   66.420569228103091        24.285675045052592        3.9318102596930249     
   84.032285880863029        77.438732271167339        63.311686140565534     
   53.252429854663944        80.365818020809584        51.897306376290018     
   14.008670409784074        76.091658805125263        55.773138114789809     
   73.535304279887114        87.477699145459638        63.996362789594940     
   84.964116761939707        51.014166211836297        2.9834942675893705     
   29.657350209342926        84.634286687194674        96.391321682564708     
   57.651775572450148        6.8893155528516488        34.183070811669360     
   61.850509716180227        18.294352241967882        62.791112540315922     
   68.827887021639341        10.806857761025967        23.569972390039840     
   46.635188872602797        8.0309492415871926        37.284162412532382     
   76.815850100834879        83.727211999027844        63.146638854595061     
   84.374587685332543        35.421466884576361        99.928889298022284     
   12.605196781572015        80.909980253191819        99.227961163018193     
   40.624033168625417        70.528766039472174        33.960125233767627     
   26.618348021187742        37.750009044864264        40.546642205825101     
   44.485262932435774        71.712239170041698        24.669068121948246     
   20.083209090952593        85.175811957329060        21.878780515621223     
   21.621027078827261        41.762156603619317        79.541712546068936     
   7.0222241875071090        85.796197596398244        66.485724215000445     
   10.541682951358188        66.814185820486401        10.001617900636916     
   39.622631876411738        19.633190314569660        25.692192364080945     
   53.386900708578679        63.212763520434436        64.232936129015343     
   83.865960610822100        94.593851055812948        94.095793081407038     
   55.708881953596901        36.096431759077760        4.7514596249894296     
   7.6664314117761538        55.256281006669013        78.625272711303367     
   81.256396328016550        74.549446747973633        13.278433928071919     
   87.049116662707746        37.012187705816132        78.508821471325277     
   97.397972393251649        46.599684201730732        2.4410677630221644     
   40.461357453538312        1.2644219821472791        50.678455756388544     
   49.733496033909184        69.464788276133675        42.903154903516075     
   53.008169795655014        98.644490013110996        6.6386085349795065     
   1.9053197560653490        90.965018265182835        24.491664680668535     
   94.467829324672692        88.612956978158138        78.730191161578929     
   12.543763258737616        76.096858100731524        61.850799218335027     
   43.819395921420679        43.035254886380159        41.130255793738712     
   48.288090313408269        21.834629466529965        9.0863013397635033     
   97.175249570163558        93.212387951559137        93.427943775885865     
   13.144627742473268        55.009336835247005        97.710566858605219     
   17.076257711044530        98.568027083837592        34.179865007432475     
   87.037218677713426        83.985954043181806        81.869032731633112     
   98.777661326727113        88.275961097417067        39.710625018536774     
   42.218517223046938        29.077180442764551        27.895664800984644     
   28.240330143353841        41.625396309474446        15.492455593313936     
   39.312030810698964        77.986111703029877        66.548798445663593     
   19.166410291386747        11.863302031553824        92.569197867137433     
   77.264161696618444        22.700577687224801        44.389372943968553     
   61.378108989809867        39.309859019153926        31.689070375441851     
   41.727745428855471        45.617014614720816        88.687452901233911     
   81.112693533454788        63.964172404942218        18.199494915072666     
   35.447857143274000        7.0331529528842252        94.762243413176378     
   96.887524773997370        70.264235617864287        8.2751050525497138     
   26.711965152508899        53.120657941463769        59.683391924542562     
   89.327659592764022        65.462973614486458        17.236837641514136     
   35.874319695929977        97.508073341689155        87.504120992237361     
   81.770930556948727        82.951721304670372        18.617216080698363     
   18.407577027325029        2.5912971653870853        63.536925648426134     
   76.047885556236423        68.608324258846508        58.100822660197046     
   24.258320511660724        64.967209690509691        29.875581654189197     
   58.445987017107726        76.502677171519764        24.337402503810356     
   15.501193077888187        78.555691620489142        11.935673319775075     
   69.879105868201890        41.304476585713182        65.574365642791577     
   92.878704386765236        19.825872131255196        75.075520295612620     
   81.442509045272544        66.760565646361400        45.083716288347084     
   15.518268099831090        27.296185469637678        32.104678483713023     
   77.792743579337241        23.095773990588743        71.479531303768283     
   45.570165582320421        83.137170033993868        77.232057826691133     
   4.1312026844326999        45.270642047955803        32.002428373526406     
   62.265113084570579        10.044827540042068        59.718005455275012     
   9.7724432227395130        61.993239930822511        63.738499556682207     
   33.722908993983658        4.0692549229411128        56.013593277153149     
   18.731944493127074        11.751896547799422        67.022903934858050     
   19.830711188287566        36.302017056148181        68.747910474622671     
   44.021918987863529        26.946821970771794        38.511700129798179     
   2.0985163866100720        57.477947830941922        14.213183553875686     
   83.746707749102683        12.352431124657404        43.409974957670435     
   5.7702270938574385        69.315163454449376        55.165471735138482     
   8.9588703945942427        17.948244226689592        91.951629990283351     
   76.777370874048671        13.163760652573487        44.413584993496492     
   51.864066562042744        68.688775013576034        18.442086623031472     
  0.17232664951166710        88.657011251328825        4.6129714005696982     
   3.8708010920111002        67.095458428606435        65.629545383335170     
   24.073209759790082        48.261292047718818        29.438209160172903     
   65.265698137499896        50.241065502826309        47.042194597630129     
   75.658343229513676        33.666041021008439        88.725734747482008     
   58.097013990235347        94.401668581797281        65.374969455035782     
   36.541382434220594        44.506806682993059        9.7867473921022246     
   76.163056327493578        9.3207800335787354        1.1764721924252042     
   71.709740123747608        76.007637861351867        59.188473192652069     
   65.177714937859150        40.331359126535794        80.750780516216253     
   94.601570471769818        70.564716350047135        14.984441762338829     
   46.606808731602314        83.592719283419143        53.640406652516390     
   61.480077739591806        61.573520975827819        78.851695165447595     
   77.185405381266619        43.472359773424095        86.439940466801062     
   5.9458428955197151        91.223412745319905        23.834314995320206     
  0.91980743243700314        85.813445330577636        10.968679252912960     
   68.544014075755939        96.775967333931547        61.922615876661879     
   58.556515122860787        52.574590686669694        74.526342331992367     
   17.361758138555494        1.6587346625095756        15.904946269086462     
   29.751169299613323        74.660012958915772        95.417120931892782     
   48.523190517940940        80.636537216645507        51.884920313712634     
   64.235322426830038        69.888977983389552        98.831951311618965     
   73.842442698654381        97.634769582818677        96.883171931068958     
   61.104770922637861        74.629651638320041        87.960566339204107     
   81.254908414339695        87.497038098343083        29.799063966724614     
   88.066030941417850        89.878108663691918        43.583599688448885     
   11.718446917178804        96.935261180933395        43.391991742955980     
   29.676342766525256        47.062603434775383        57.488105325521552     
   45.567862103282032        54.878480745794022        76.899783684319573     
   69.019465766129755        52.022011589245224        89.591891401895111     
   13.808603313382740        75.893266514911474        24.195422471131444     
   1.4453548303954067        12.485707111443267        83.085218827570699     
   72.524339335135252        12.787939176132356        61.934604336226450     
   78.219634683817929        52.111038960568060        96.357959729568734     
   48.596555294011289        15.564439763678973        74.579687330647147     
   96.538610846832867        99.194425846041284        99.130951174059675     
   94.806158067476858        16.585290340363457        43.310188649471627     
   94.173453854849939        24.305656169890955        32.857977655006721     
   78.610591223225683        44.304421609824509        30.586216743923387     
   20.808664528854536        11.406996399642555        41.551931476733195     
   99.641396698342405        1.1347922922902987        90.413209847346124     
   5.4179024033717553        47.612952335666627        29.634161464439035     
   50.299722092222432        36.115727977982438        11.844214166471744     
   82.133267117721758        54.688061412430976        38.439039484660832     
   64.032662762644676        53.570242440736685        62.080362838173805     
   59.691364675003065        57.879916293062806        80.437028598536102     
   34.072564225544333        83.699023113601740        52.706976584248110     
   42.385481359916888        46.697412635806003        13.916075728673349     
   33.378716000914451        8.7117712604010027        53.051101892496611     
   91.251911164640589        39.086361242984502        55.648724202913137     
   30.106089026210757        75.963809173639703        92.297653148180146     
   50.445738371878335        79.742987059939139        87.922876605439143     
   78.902951241824695        79.893844440954609        23.994166801938267     
   23.510447570300542        96.796711354704328        98.621024379826636     
   7.2137896192346007        7.6667616143324180        43.667457386281541     
   28.242708717044131        14.754851486405673        4.9733041806178546     
   12.024209889310701        85.321171477782187        15.508743953138582     
   33.544098369458943        89.047324885514755        38.234078781075887     
   31.080431281324060        75.426468742847860        33.301493210739153     
   47.452624442743861        90.504347248248209        6.2173351431530026     
   61.870563985211113        40.148352125425177        23.296571432632639     
   67.753152668923391        9.6246311288940678        67.164782481149572     
   94.206796040298642        67.786370106375273        88.450425598358834     
   88.014802160234623        31.815829104929417        33.777089081634834     
   31.436122902325970        39.750945620967585        10.175583966584201     
   38.727619720114248        16.497601868420432        98.289809505075596     
   44.265903131294074        61.888235083489150        40.781243891544285     
   94.965584706069365        82.785560116866947        8.7518963038444202     
   94.546140479359224        33.511181690755308        57.434776490379221     
   48.881599807493927        27.124438100393188        15.960478483265938     
   77.609888058953899        18.598124760604364        89.302708928639660     
   88.379040763543912        22.918031322892741        54.643495042185975     
   49.268087329067626        44.751595587348469        30.743084070952300     
   45.225774006240925        57.733221325040930        96.102558436106463     
   71.756946214613208       0.92350863026123831        60.364915150523636     
   19.312835217878078        77.422203627329424        36.244520771730606     
   95.641414646640243        88.630239311021768        41.720355375229623     
   53.551093972542759        80.792150782613490        57.332188836626827     
   61.171645549503580        3.0452933448126052        15.185540685516695     
   19.489367719261253        65.759803835177607        59.418720742036925     
   50.464530872676974        64.390116350772487        57.980996717082199     
   70.192200463253556        54.015190001704958        36.162199312848678     
   93.527985327542623        66.480851841654314        86.707581752564892     
   12.785949579702194        62.385553765366431        97.446287348363867     
   45.683797337031208        70.860598358689913        26.710613014180339     
   32.408966229048318        43.099880850107887        17.324143613248022     
   16.654399549436782        97.127354365284802        79.744889901040807     
   65.490291734733219        27.529445674227691        34.220294576800626     
   90.875444986992861        68.738174269283533        96.763707101674683     
   9.1268076900269168        40.006517691486273        24.531006844439052     
   99.686979561213633        93.592166128085779        21.853734067948572     
   29.625854855892854        67.567899161523954        77.933103184676298     
   71.322756886653906        27.313116200734434        31.326928714207281     
   49.494416361007495        88.411222447876440        13.316553182838698     
   90.690457334200346        49.084108186046592        5.6002668159549014     
   21.082931151260944        41.264458379887380        22.142134500897559     
   85.455245232673377        41.020756878228383        63.492447321517062     
   5.8612542692145215        59.272189598683021        23.221717342744299     
   58.412604493029974        69.357554958160421        77.963938049982957     
   67.744515911036189        30.399759880932908        52.660196554331065     
   69.485625272475701        57.457086380280195        70.177984968696137     
   98.837719945239073        56.796368788663820        83.122938237792170     
   16.935639544146198        87.840625690419714        21.225209138655799     
   43.369711407192568        42.373071073057488        14.456313868763305     
   35.443458912262180        90.215797007933361        93.495179326546605     
   30.304418362887741        59.453401712956996        30.241761366980246     
  0.20802181582445511        95.788732230370385        23.313474488475084     
   42.590274585605357        53.234991513999198        35.870422142792513     
   8.2982431992306367        71.722913640797685        54.865243068963444     
   48.003456851387440        90.086604730466505        12.434135330771168     
   59.249195342934470        80.319883658296760        1.6444178162740131     
   27.666517602196585        61.755369167916228        21.019998584471189     
   90.926925148304221        27.299686146704229        5.3403246728040310     
   75.557821493457652        70.615071556704152        43.949924103832906     
   11.989954157679538        33.462502745410063        94.724056786148765     
   53.793747532247039        3.3276780255810379        28.483134343537142     
   24.501537515502957        12.587000805558979        58.822329434861786     
   16.037650611306709        71.977787472637260        36.496930459442012     
   97.387911871704929        80.228250470790954        52.575595066612571     
   39.506559855018800        85.795006483495072        79.012983870641776     
   91.863331275518618        84.868379025662605        75.866829865570338     
   11.800579052485350        84.567091458776417        64.477211103530138     
   61.567911645280716        33.936422002624681        36.958105304225839     
   2.5532902132179291        77.598445260780508        71.786500813173930     
   12.799749775767989        74.975245613722990        56.348827834021996     
   20.945796881211098        72.286097729932791        45.637327709007302     
   34.866033833853393        68.940896871025842        8.3101007197879273     
   14.317459059186010        66.538425386357630        60.345120621437076     
   94.265054127316176       0.94352459959702317        88.301915892697366     
   50.539921190357838        46.492462727250924        9.6932422978522226     
   81.277687664960908        73.568756261563124        82.785688357688286     
   35.451671299987893        53.838621829174883        17.601193507706004     
   15.504402148956286        23.064239291227683        43.778405349764462     
   60.819112564660962        86.381156769272408        13.215644601200394     
   58.359686779390032        16.064241088416775        54.201174027060283     
   82.482761214549228        58.019078884043488        64.178757763046946     
   15.849068839378489        63.983234645129684        87.747211839590648     
   17.821664159042438        31.142959042511254        92.897638571121348     
   8.9643597748516832        15.450042379215457        88.546790090210919     
   76.650368961066690        52.581155167170991        23.208501986256792     
   20.238995461827958        13.449886517954779        53.418994270848941     
   47.102927389032644        37.727582336934141        94.876014998926962     
   77.545961571455663        70.174462351208234        17.967584569168572     
   18.507862847895819        53.598872658286247        69.320336665423937     
   99.800703705486086        7.7576675816757090        59.928160063783231     
   6.5026374844990524        99.690349175569054        13.587560790587483     
   32.332046300154239        12.331033834011496        67.350245516364950     
   15.035612752324379        2.4900983383805975        78.103600591125044     
   95.035990567651680        69.269399268001919        44.583240312012521     
   10.164944662319520        69.707302308419401        23.488048973165821     
   89.807018219693219        73.196655807615741        79.364637325616243     
   85.721058251864633        23.143339985846335        64.473419391852360     
  0.29564140369647829        56.546365464692663        75.949165143264096     
   67.137612256337150        95.291612111539024        87.102223271729159     
   91.673353113641340        37.918698055769141        65.840374049039639     
   51.237310323281662        50.840592576212515        15.493293924612816     
   88.853541742854219        50.695000483610301        84.741558042286883     
   41.408997261615198        10.994544865297051        9.2629309935859272     
   2.1715130451211984        99.927752966336541        90.402097159934669     
   54.569129206329514        33.683873104964931        56.662715382031514     
   81.675579043067742        6.9905868994517899        63.343339211815497     
   18.679398219738886        63.611474178703553        17.367960201020637     
   84.594274658847397        25.967941654651096        55.721630869814639     
   75.315833052463859        81.047169273482027        21.641727559606238     
   63.468581093213672        41.687309245610550        53.454591445933545     
   17.003137526062673        29.671670991082301        43.973146800409246     
   71.605097741463041        31.712589962946446        42.791530208557070     
   63.120191407166502        3.8699476616269046        14.324130638218369     
   93.763038617315303        63.123017664931133        8.6158104010009566     
   89.993862132448626        62.169168267918351        38.645352906196685     
   39.857098689488346        36.595063514446345        16.229174735340379     
   49.917405531185409        27.297038811215636        7.2266325986460096     
   47.374954798290844        91.847221524165406        11.080273782307493     
   30.953471386250619        35.180602943383711        82.846374018862946     
   62.918684752101939        59.823202442996603        66.007086267988981     
   54.541459011860994        4.7336768546591639        58.270307814725676     
   89.708728922661862        30.033035877786951        1.5484460605885153     
   10.220734270484522        3.8727944509049705        36.192712677899486     
   16.812077625768783        44.539441381553743        62.107682878742786     
   61.393292494376617        19.075316952110168        47.427992158159093     
   94.788479315831580        99.376668080288383        10.815384971085773     
   96.629944499236899        9.1219645829421996        5.1883188722056879     
   81.226963746014675        41.588859336969975        57.302809353848531     
   82.695185727037611        29.134231594003090        44.018698201373383     
   6.3015369400547190        92.140699434463684        90.677885087381256     
   21.668730710137208        8.8072491024451018        9.7127537073072201     
   69.070961876151529        52.006392083015115        69.191952455504904     
   86.196822704330216        61.363766459304834        33.982703379554636     
   54.143842845783198        62.148988883358278        74.493652931364281     
   10.121149968209330        13.737448579442235        33.357393206451306     
   39.295131883155854        89.285414887931040        53.456972502680486     
   55.096820329568672        97.332110672661031        18.239208539430528     
   70.464715551112164        18.871821787004528        35.602659436614417     
   73.029697253618849        23.103537770955040        50.185197356777543     
   27.836170748029808        44.207486556472261        78.480350029432884     
   87.257801553998959        88.202176120219889        22.224223859735524     
   65.651521613081513        2.8382460731404491        53.621970668507522     
   16.364576840108370        2.1617976103340042        38.118524738068004     
   85.123521776475158        29.302197157872278        55.684655000909856     
   77.589527428011479        43.767786335402661        95.830528855986202     
   61.945492800661683        22.467466464232679        85.190992208431240     
   69.913265020238185        95.186630544907146        96.776215383791921     
   79.052439374858736        47.872096870408363        68.128795323112840     
   21.376150448155041        52.732987728800083        43.611433030484847     
   44.919377390374059        87.437903093591302        44.877142591306040     
   5.1884454572090455        9.0682119068917757        89.822507825409090     
   27.693425394969630        41.494768305806872        28.192026410442782     
   76.479414088182267        78.869280574102504        94.859136103698816     
   42.193970212663068        6.5872640828768532        86.581693811241635     
   37.487507620450444        28.604189575778516        90.725167990251634     
   29.860259244263897        51.300303384852953        36.447729737205258     
   31.617133581066316        8.8739223982837956        8.7768092110164453     
   32.658250641607253        19.340307177094541        11.493690248701959     
   13.903760327225811        80.888147827015914        22.410127600257489     
   8.3102895192872399        99.728819238488995        82.843936176053475     
   7.0508598056677751        11.079156878663344        65.955192326805019     
   95.262505965090753        60.612906728969548        66.677217026211494     
   50.446607793455847        66.771268893890721        72.789367427755110     
   55.110462030342752        51.969593335878216        1.5633102879245686     
   4.1428638801421780E-002   38.135348918045231        48.718415943548990     
   58.367452502733229        58.908860861814475        29.976639815239558     
   39.899244392658048        90.664742132371202        1.6384558074922118     
   54.467429116130560        27.051256911445385        98.079406653165449     
   85.394433839314303        96.799147452961847        39.589192554976172     
   63.428746199768781        31.216201046774671        26.293637272601124     
   21.900642165234341        36.921908656050896        1.1575854497227756     
   23.542692558931300        56.952533544394292        94.448949019386461     
   43.678098605349859        93.352919162059706        87.400797779195145     
   13.712332368427838        81.297726205147612        73.913960251330522     
   81.827069462261875        29.111605820648311        67.129725723052275     
   35.719402685613332        58.804669571079756        54.760783633041299     
   37.059602473078037        67.359555551929574        79.947455578635811     
   73.324104312118749        79.043598816964405        53.669330288738138     
   54.595464875429592        14.154136678731287        20.186314306639041     
   50.700545111056286        95.150259692589614        55.418087791040492     
   34.037494436062055        23.361762971970435        95.016985321690456     
   89.681583196086720        85.173429187365755        95.012271576177028     
   54.035471298061807        99.617657229511522        72.948329644917450     
   35.091384098228559        80.966707425168920        71.010772986896683     
  0.25319025229004755        92.983081196013345        78.303033578267360     
   34.674985796049398        33.655539969477346        54.572915682913489     
   31.726966857793947        6.6854438499111772        26.891282219149502     
   34.403066713154004        50.972928608588575        77.542588371082431     
   67.804820063054933        83.556622115755246        93.271877534948317     
   52.897493825399444        34.179626565169642        38.606717922753155     
   65.978614985230962        81.539332217011861        91.405723764869919     
   4.8080857995180910        77.038616250111161        86.681917534933689     
   62.072726997964232        78.966668335476498        87.594285211931449     
   54.288697364576663        78.998846464295042        50.227596201804715     
   5.3395398594893724        24.240604537995679        66.357254817127611     
   54.850979979070424        98.478515872243861        34.298693289989465     
   49.985759454672177        61.253354632134148        66.229796541703806     
   12.716321355516602        31.621929568565811        75.871275351557983     
   34.163779057377873        39.324571654893425        87.569953317900811     
   71.892224364159361        48.921024014669598        97.739786365343718     
   63.693089275741379        7.2850275731548786        83.752336347917861     
   1.0056653524871728        33.157747326463941        4.5920324090478193     
   44.565916113871616        23.007027726841368        31.475724892210486     
   82.212042579669031        85.223961011798380        93.936128185003696     
   78.202889745876533        86.684743626375877        35.924308044435584     
   15.808980363711921        30.643284176913575        1.9594045870097943     
   3.6541355853054514        80.790717791687555        55.585695075895003     
   44.012189596904705        88.316625339286475        89.065351498701062     
   24.777755278912174        87.247862788746232        68.157786041673091     
   2.5699235580219582        95.618444508557658        99.591783917508408     
   51.716977159738384        55.063580562228594        93.179998155443869     
   59.375447198663458        8.1832169624901141        35.348821572332568     
   1.7442833718796402        19.135050113388054        46.690001816448515     
   94.045820803787777        53.925332691224540        70.951590870841059     
   61.663721642842503        22.775789137195012        54.654654256114277     
   96.567702329673310        54.657558306330110        51.546131469831757     
  0.35245040156403062        48.006009816620654        85.747751276853847     
   19.337709087337686        27.409743979612887        27.849897859779915     
   27.128797756557034        19.045677617179624        41.733493610960039     
   87.976948895690882        75.092782313025523        30.091783436830553     
   84.245481901938561        77.780717449899811        73.348868689355058     
   98.765543281889464        8.7992422693096266        42.254267303482187     
   97.891588681516069        94.184335486663613        35.951272749695832     
   5.8125890734837427        23.033438915331615        54.107053432115393     
   47.818228076299576        51.364368471490820        79.642714182828470     
   40.459660678651943        21.341534784486960        76.538996060594471     
   51.727614798678943        26.715829014800775        78.952803387730484     
   8.7726768599907583        3.9542273945233908        33.283714272735423     
   70.826098630332353        1.9935490536464817        39.654064995750360     
   73.779893791590723        18.989951520002592        76.699300972576268     
   93.844037063919487        33.049976086435095        40.969473842198752     
   82.932585612034941        42.907651451521168        12.698533276744362     
   40.992283433412069        25.510249113720242        88.044275888352459     
   10.365186644136292        40.587020116007075        88.589521641689501     
   92.048688996606359        96.731050687224425        84.208722436652664     
   23.673619312549533        33.929753900307404        4.0466796949337080     
   35.522532964019049        2.1645099598428197        80.410994746141498     
   30.349257974504063        10.863123769716211        55.370826813585573     
   60.121077504927875        83.423555444764503        97.966874559760228     
   55.126096812448580        60.956991823607908        42.832148647630021     
   55.129266596167149        77.530101774295531        79.183980621627228     
   75.979203027697423        23.643267106865373        8.7378996035000984     
   62.110505145380927        7.2087869880131938        51.509377083675332     
   53.909213340188998        40.122878879351752        41.868151509773064     
   33.246994207933056        23.768016155391646        99.118184733174175     
   77.504224443209154        82.019020451150070        79.435997706523381     
   68.755487399747679        60.567031869419843       0.78017159526775348     
   36.006829928264416        37.007868322478146        97.329300614162022     
   20.759035907450862        27.100515702993878        14.221921644853596     
   26.670196910570997        32.048191184933927        96.357523998994282     
   15.644608421106609        60.110726421803676        46.256649689559346     
   21.297878494274059        25.863103306974445        68.349298822596268     
   91.247105889586464        64.715615288651492        92.313070813587046     
   54.690619567801399        88.315334167683233        2.8300149123099416     
   83.693046717974113        37.628928700283872        49.566437312262210     
   60.146669925182735        52.676632832383952        24.066201410226661     
   90.515575334995901        28.122804698267412        43.510961046538497     
   55.754711328075871        66.662951633940736        53.906977349001629     
   20.555950846168425        61.753850884293094        51.255835663617397     
   11.500169042647347        32.707868575766042        7.8081140113018694     
   42.024638354774801        93.364306630512033        16.108172853115434     
   70.350742631509760        60.585667186330447        49.295370153173323     
   39.526390703258805        80.779843609740780        65.924850246878663     
   68.789551536890883        78.577382556587978        37.890167366119300     
   80.047560783689903        92.321904549700179        93.958756670808484     
   72.474566116833472        14.859742423664624        47.901992019080907     
   14.336985224212507        18.934979915414729        72.410184145830300     
   91.586852038582578        98.677638509238605        46.652999632264894     
   7.2389301688170038        55.768445833699602        66.179203663993505     
   55.981202698882761        21.297911719184913        92.926156804201185     
   27.705167670937346        8.6611534684668978        24.109280044162563     
   13.229242949845766        86.223947603136750        32.985700105149753     
   97.487774368484608        19.955446884737981        91.639417618095067     
   17.811800651503862        27.687717201549976        79.659690840185377     
   85.474702189988321        37.899623339433155        59.130789165201314     
   39.978100230884216        88.854928653603565        6.6590795708790340     
   99.257948415058081        5.2470605028804069        57.840794539148810     
   4.6509905966265368        31.010980459147554        59.799510706534228     
   80.694442848530613        4.0549827444916637        37.331156160406429     
   83.998929442320630        47.156149620847806        44.299850409702849     
   44.358556981977372        5.8663903010478080        98.847699470192680     
   79.966468693376839        9.4174806209732953        18.169809816038651     
   25.639346330807033        28.234898795508045        37.081315744789691     
   52.389457119662517        45.115048905637842        3.5139367756730655     
   89.996880020812668        86.066543892312069        49.537821706338015     
   90.467634930888948        56.254926516987425        45.360003188300112     
   46.127805752812378        94.141634621484997        38.358286165577837     
   33.089688492926840        34.047753980613614        37.105292075736628     
   97.060486876304424        16.545125318182308        53.562171815416072     
   95.063361158756877        6.7896223373995479        7.5672237801902469     
   83.693288196004076        81.003231254747277        49.100951697105963     
   2.3741374696363948        3.1599212197448656        5.0488141122698842     
   81.228584728040815        19.031524006303858        3.2168978501338041     
   3.0480864851890388        17.341069383089003        4.1862299793999131     
