          10
   100.000000000000000
   99.755959009261716        56.682470761127334        96.591537549612497     
   74.792768547143211        36.739089737475574        48.063689875473145     
   7.3754263633984518       0.53552292777272470        34.708128851801547     
   34.224381607283505        21.795172633847258        13.316041001365930     
   90.052451442189238        38.676601045740355        44.548228938784803     
   66.193218089584278        1.6108300430559330        65.085483610391677     
   64.640882548382535        32.298729094055581        85.569240288533138     
   40.128691936381387        20.687432921875693        96.853946421659984     
   59.839953431813463        67.298073277626330        45.688231067296201     
   33.001512357337468        10.038292650217729        75.545330475972676     
