   1.1600000249245568E-007   2.7720000005615475E-005   4.2422999996460931E-005   1.2258610000017711E-003   9.4199999978172855E-007   0.0000000000000000        0.0000000000000000        0.0000000000000000     
   0.0000000000000000        3.0449000000487558E-005   4.5247999999276090E-005   1.0565210000024194E-003   4.9900000220759466E-007   0.0000000000000000        0.0000000000000000        0.0000000000000000     
   1.2099999935344385E-007   2.6696999995579063E-005   4.3615999999246924E-005   1.2182559999942555E-003   8.2200000406373874E-007   0.0000000000000000        0.0000000000000000        0.0000000000000000     
   0.0000000000000000        2.9036000000814965E-005   4.3902999998124415E-005   1.0639939999990133E-003   5.1199999973050581E-007   0.0000000000000000        0.0000000000000000        0.0000000000000000     
   1.1299999869152089E-007   2.8104999998390667E-005   4.2690999997319068E-005   1.2179659999986825E-003   4.6499999939442205E-007   0.0000000000000000        0.0000000000000000        0.0000000000000000     
   0.0000000000000000        2.9538999996248094E-005   4.0980000001411554E-005   1.0700209999967569E-003   4.4699999790509537E-007   0.0000000000000000        0.0000000000000000        0.0000000000000000     
   1.1600000249245568E-007   2.8657999997960815E-005   4.0800000000729142E-005   1.2299540000029197E-003   1.2569999938705223E-006   0.0000000000000000        0.0000000000000000        0.0000000000000000     
   0.0000000000000000        2.9394000002014309E-005   4.2675999999630676E-005   1.0694429999986710E-003   3.6800000202674710E-007   0.0000000000000000        0.0000000000000000        0.0000000000000000     
   1.1299999869152089E-007   2.6726000001531247E-005   4.0723000005016274E-005   1.2131949999982794E-003   6.4900000040779560E-007   0.0000000000000000        0.0000000000000000        0.0000000000000000     
   0.0000000000000000        2.7154999997947016E-005   4.3252999994081165E-005   1.0745359999972948E-003   5.8100000188687773E-007   0.0000000000000000        0.0000000000000000        0.0000000000000000     
   1.1299999869152089E-007   2.8483000001244818E-005   4.1498000001638502E-005   1.2359230000029697E-003   7.7400000009220093E-007   0.0000000000000000        0.0000000000000000        0.0000000000000000     
   0.0000000000000000        2.9472999997892657E-005   4.2943000003958787E-005   1.0709219999966990E-003   4.2199999938929977E-007   0.0000000000000000        0.0000000000000000        0.0000000000000000     
   4.2599999972026126E-007   2.8507999999760614E-005   4.1355999996994797E-005   1.2277269999998452E-003   5.0000000584304871E-007   0.0000000000000000        0.0000000000000000        0.0000000000000000     
   0.0000000000000000        3.0255999995176808E-005   4.3873000002747631E-005   1.0715169999997443E-003   4.3000000005122274E-007   0.0000000000000000        0.0000000000000000        0.0000000000000000     
   1.1800000265793642E-007   3.4761000001992670E-005   4.2809999996507031E-005   1.2197980000010489E-003   4.7500000022182576E-007   0.0000000000000000        0.0000000000000000        0.0000000000000000     
   0.0000000000000000        2.9933000000426091E-005   4.4186000003776371E-005   1.0571470000044769E-003   3.6400000169578561E-007   0.0000000000000000        0.0000000000000000        0.0000000000000000     
   1.1499999885700163E-007   2.8856999996662580E-005   4.1251999995495225E-005   1.2240120000015509E-003   5.2300000419336357E-007   0.0000000000000000        0.0000000000000000        0.0000000000000000     
   0.0000000000000000        1.7673459999940633E-003   4.4613000000026659E-005   1.0395589999987465E-003   1.1180999997861818E-005   0.0000000000000000        0.0000000000000000        0.0000000000000000     
   1.1399999522154758E-007   2.7953000000024986E-005   4.1576999997516850E-005   1.6570029999982694E-003   7.7600000025768168E-007   0.0000000000000000        0.0000000000000000        0.0000000000000000     
   0.0000000000000000        2.9897000004552865E-005   4.2880000002298857E-005   1.0609859999988203E-003   3.4400000004097819E-007   0.0000000000000000        0.0000000000000000        0.0000000000000000     
   1.1399999522154758E-007   2.8620000001922108E-005   4.2360000001906428E-005   1.2237980000051607E-003   4.4000000087862645E-007   0.0000000000000000        0.0000000000000000        0.0000000000000000     
   0.0000000000000000        2.9583999996418697E-005   4.5427999999958502E-005   1.0757829999974433E-003   3.8299999971513898E-007   0.0000000000000000        0.0000000000000000        0.0000000000000000     
   1.2800000348534013E-007   2.8656000004900761E-005   4.3034000000830019E-005   1.2271499999982893E-003   7.4000000438445568E-007   0.0000000000000000        0.0000000000000000        0.0000000000000000     
   0.0000000000000000        2.8892999999641233E-005   4.2999999998016847E-005   1.0478810000051908E-003   3.5500000450383595E-007   0.0000000000000000        0.0000000000000000        0.0000000000000000     
   1.1500000596242899E-007   2.7334999998629428E-005   4.3020999996201681E-005   1.2227170000045362E-003   5.6100000023207031E-007   0.0000000000000000        0.0000000000000000        0.0000000000000000     
   0.0000000000000000        2.8976999999485997E-005   4.1540000005113598E-005   1.0620950000017615E-003   4.3300000385215753E-007   0.0000000000000000        0.0000000000000000        0.0000000000000000     
   1.1800000265793642E-007   2.8151000002196724E-005   4.2913000001476576E-005   1.2325490000009154E-003   1.3969999983487469E-006   0.0000000000000000        0.0000000000000000        0.0000000000000000     
   0.0000000000000000        2.7462999995009341E-005   4.3495999996423507E-005   1.0772500000015839E-003   3.7099999872225453E-007   0.0000000000000000        0.0000000000000000        0.0000000000000000     
   1.1600000249245568E-007   2.7289999998458825E-005   4.1256999999461641E-005   1.2222939999944060E-003   5.2500000435884431E-007   0.0000000000000000        0.0000000000000000        0.0000000000000000     
   0.0000000000000000        2.8721999996150771E-005   4.2022999998891919E-005   1.0542210000039631E-003   4.5800000236795313E-007   0.0000000000000000        0.0000000000000000        0.0000000000000000     
   1.5899999539215059E-007   2.9143999995540071E-005   4.3226000002505316E-005   1.2280400000008740E-003   6.3400000271940371E-007   0.0000000000000000        0.0000000000000000        0.0000000000000000     
   0.0000000000000000        2.9822000001900051E-005   4.1408999997827323E-005   1.0682019999990189E-003   4.5100000534148421E-007   0.0000000000000000        0.0000000000000000        0.0000000000000000     
   1.1400000232697494E-007   2.9730000001393364E-005   4.3182000005970167E-005   1.2235680000003413E-003   5.6199999676209700E-007   0.0000000000000000        0.0000000000000000        0.0000000000000000     
   0.0000000000000000        2.9269999998859930E-005   4.3280999996397895E-005   1.0666300000039541E-003   4.4799999443512206E-007   0.0000000000000000        0.0000000000000000        0.0000000000000000     
   1.1499999885700163E-007   3.3810000005018992E-005   4.1940999999212636E-005   1.2249940000046422E-003   9.9100000028329305E-007   0.0000000000000000        0.0000000000000000        0.0000000000000000     
   0.0000000000000000        2.8002000000526550E-005   4.4283999997674073E-005   1.0733419999979787E-003   3.4699999673648563E-007   0.0000000000000000        0.0000000000000000        0.0000000000000000     
   1.2600000331985939E-007   2.8354000001229451E-005   4.2563999997469182E-005   1.2204289999999673E-003   6.0599999329724596E-007   0.0000000000000000        0.0000000000000000        0.0000000000000000     
   0.0000000000000000        3.0322000000637672E-005   4.4250999998496354E-005   1.0663600000029305E-003   4.4500000484504199E-007   0.0000000000000000        0.0000000000000000        0.0000000000000000     
   1.1499999885700163E-007   2.8739999997640098E-005   4.1890000005651018E-005   1.2150519999991616E-003   5.0199999890310210E-007   0.0000000000000000        0.0000000000000000        0.0000000000000000     
   0.0000000000000000        2.8790999998307143E-005   4.3914999999117299E-005   1.0723960000049715E-003   3.7299999888773527E-007   0.0000000000000000        0.0000000000000000        0.0000000000000000     
   1.2499999968440534E-007   2.9591000000550594E-005   4.8035000006052542E-005   1.2244179999996163E-003   6.7500000255904524E-007   0.0000000000000000        0.0000000000000000        0.0000000000000000     
   0.0000000000000000        2.9820000001734570E-005   4.5621000005269252E-005   1.0621349999979657E-003   4.3099999658124943E-007   0.0000000000000000        0.0000000000000000        0.0000000000000000     
   1.1399999522154758E-007   2.7996000000030108E-005   4.2344999997112609E-005   1.2200449999966168E-003   8.6700000423434176E-007   0.0000000000000000        0.0000000000000000        0.0000000000000000     
   0.0000000000000000        3.0113000001108503E-005   4.4737000003181038E-005   1.0629470000012020E-003   4.3100000368667679E-007   0.0000000000000000        0.0000000000000000        0.0000000000000000     
   1.3900000084277053E-007   3.3031000000960375E-005   4.2782999997825755E-005   1.2474110000013638E-003   7.9499999827703505E-007   0.0000000000000000        0.0000000000000000        0.0000000000000000     
   0.0000000000000000        2.9924000003234141E-005   4.4197000001133802E-005   1.0561929999965969E-003   3.4800000037193968E-007   0.0000000000000000        0.0000000000000000        0.0000000000000000     
   1.1499999885700163E-007   2.8548999999600255E-005   4.1695000000174787E-005   1.2258049999971377E-003   4.8500000104922947E-007   0.0000000000000000        0.0000000000000000        0.0000000000000000     
   0.0000000000000000        2.9544999996744536E-005   4.3328000003839406E-005   1.0531260000021803E-003   4.2199999938929977E-007   0.0000000000000000        0.0000000000000000        0.0000000000000000     
   2.3599999821044548E-007   2.9675000000395357E-005   4.1543999998339132E-005   1.2210539999983894E-003   4.9199999807569839E-007   0.0000000000000000        0.0000000000000000        0.0000000000000000     
   0.0000000000000000        2.8350000000898490E-005   4.3671000000244931E-005   1.0648260000039045E-003   5.4099999857726289E-007   0.0000000000000000        0.0000000000000000        0.0000000000000000     
   1.2699999984988608E-007   2.7832999997201568E-005   4.3108999996377406E-005   1.2289350000003196E-003   7.0099999760486753E-007   0.0000000000000000        0.0000000000000000        0.0000000000000000     
   0.0000000000000000        2.7174000003071797E-005   4.4314000000156284E-005   1.0625110000006543E-003   4.6499999939442205E-007   0.0000000000000000        0.0000000000000000        0.0000000000000000     
   1.2799999637991277E-007   2.7320999997471063E-005   4.4205000001795725E-005   1.2193089999996687E-003   4.5000000170603016E-007   0.0000000000000000        0.0000000000000000        0.0000000000000000     
   0.0000000000000000        2.8790999998307143E-005   4.1481000003784629E-005   1.0696120000019960E-003   3.7800000285415081E-007   0.0000000000000000        0.0000000000000000        0.0000000000000000     
   1.1400000232697494E-007   2.8108999998721629E-005   4.2593999999951393E-005   1.2170299999993972E-003   4.4899999807057611E-007   0.0000000000000000        0.0000000000000000        0.0000000000000000     
   0.0000000000000000        2.8514999996787083E-005   4.2713000006244783E-005   1.0751909999981990E-003   7.6399999926479722E-007   0.0000000000000000        0.0000000000000000        0.0000000000000000     
   1.1699999902248237E-007   2.9671999996594423E-005   4.0631999993934187E-005   1.2187389999951392E-003   5.0500000270403689E-007   0.0000000000000000        0.0000000000000000        0.0000000000000000     
   0.0000000000000000        2.9791999999417840E-005   4.4097999996495219E-005   1.0719100000002868E-003   4.3000000005122274E-007   0.0000000000000000        0.0000000000000000        0.0000000000000000     
   1.1299999869152089E-007   2.7731000002972905E-005   4.1858999999533353E-005   1.2289799999933848E-003   4.7400000369179907E-007   0.0000000000000000        0.0000000000000000        0.0000000000000000     
   0.0000000000000000        2.9419000000530104E-005   4.2584999995654016E-005   1.0698369999957436E-003   8.8600000225369513E-007   0.0000000000000000        0.0000000000000000        0.0000000000000000     
   1.1600000249245568E-007   2.9544000000214510E-005   4.2637999996486542E-005   1.2252020000005359E-003   7.6600000653570532E-007   0.0000000000000000        0.0000000000000000        0.0000000000000000     
   0.0000000000000000        2.9316999999196014E-005   4.3920000003083715E-005   1.0647909999974559E-003   3.5900000483479744E-007   0.0000000000000000        0.0000000000000000        0.0000000000000000     
   1.1699999902248237E-007   2.8679999999781103E-005   4.1387999999642489E-005   1.2234060000011482E-003   5.1899999675697472E-007   0.0000000000000000        0.0000000000000000        0.0000000000000000     
   0.0000000000000000        2.9374000000359501E-005   4.3761000000586137E-005   1.0694770000014842E-003   4.5099999823605685E-007   0.0000000000000000        0.0000000000000000        0.0000000000000000     
   1.2299999951892460E-007   2.9377000004160436E-005   4.2249999999910415E-005   1.2255780000032246E-003   7.3400000388801345E-007   0.0000000000000000        0.0000000000000000        0.0000000000000000     
   0.0000000000000000        2.9775000001563967E-005   4.3474000001708646E-005   1.0618629999967766E-003   4.4800000154054942E-007   0.0000000000000000        0.0000000000000000        0.0000000000000000     
   1.1899999918796311E-007   2.7846999998359934E-005   4.2483999997955380E-005   1.2238880000055019E-003   7.8600000108508539E-007   0.0000000000000000        0.0000000000000000        0.0000000000000000     
   0.0000000000000000        2.9623000003198285E-005   4.3468000001212204E-005   1.0673920000030535E-003   3.6299999806033156E-007   0.0000000000000000        0.0000000000000000        0.0000000000000000     
   1.1299999869152089E-007   2.8808999999796470E-005   4.3204000000685028E-005   1.2305190000034827E-003   7.8900000488602018E-007   0.0000000000000000        0.0000000000000000        0.0000000000000000     
   0.0000000000000000        2.9908999998440322E-005   4.4795000000874552E-005   1.0608890000014526E-003   4.5899999889797982E-007   0.0000000000000000        0.0000000000000000        0.0000000000000000     
   1.1499999885700163E-007   2.9397000005815244E-005   4.2092999997578318E-005   1.2314819999943438E-003   7.8899999778059282E-007   0.0000000000000000        0.0000000000000000        0.0000000000000000     
   0.0000000000000000        2.9447000002846835E-005   4.2153999999072767E-005   1.0626890000011713E-003   4.3499999691221092E-007   0.0000000000000000        0.0000000000000000        0.0000000000000000     
   1.1599999538702832E-007   2.8870999997820945E-005   4.3914999999117299E-005   1.2243129999944813E-003   6.3899999958039189E-007   0.0000000000000000        0.0000000000000000        0.0000000000000000     
   0.0000000000000000        2.8342000000236567E-005   4.4320000000652726E-005   1.0607150000012666E-003   3.5900000483479744E-007   0.0000000000000000        0.0000000000000000        0.0000000000000000     
   1.1399999522154758E-007   2.8991999997174389E-005   4.1338000002610897E-005   1.2299400000017613E-003   7.0100000471029489E-007   0.0000000000000000        0.0000000000000000        0.0000000000000000     
   0.0000000000000000        2.7965999997547897E-005   4.2012000001534489E-005   1.0684679999997115E-003   4.5000000170603016E-007   0.0000000000000000        0.0000000000000000        0.0000000000000000     
   1.2400000315437865E-007   2.8518000000588017E-005   4.1510000002631386E-005   1.2221360000026493E-003   4.9399999824117913E-007   0.0000000000000000        0.0000000000000000        0.0000000000000000     
   0.0000000000000000        2.7445000000625441E-005   4.3226000002505316E-005   1.0656119999978841E-003   7.5599999860287426E-007   0.0000000000000000        0.0000000000000000        0.0000000000000000     
   1.1899999918796311E-007   2.9769000001067525E-005   4.2964000002143621E-005   1.2168430000016883E-003   4.7700000038730650E-007   0.0000000000000000        0.0000000000000000        0.0000000000000000     
   0.0000000000000000        2.9892000000586449E-005   4.0933000001075470E-005   1.0695530000006670E-003   3.3300000268354779E-007   0.0000000000000000        0.0000000000000000        0.0000000000000000     
   1.1400000232697494E-007   2.9308000002004064E-005   4.2974999999501051E-005   1.2209810000030075E-003   4.1100000203186937E-007   0.0000000000000000        0.0000000000000000        0.0000000000000000     
   0.0000000000000000        2.7928000001509190E-005   4.2675000003100649E-005   1.0570780000023206E-003   4.3899999724317240E-007   0.0000000000000000        0.0000000000000000        0.0000000000000000     
   1.3200000381630161E-007   2.9300000001342141E-005   4.0691999998898609E-005   1.2252659999987259E-003   6.5400000437421113E-007   0.0000000000000000        0.0000000000000000        0.0000000000000000     
   0.0000000000000000        2.8272999998080195E-005   4.3861000001754746E-005   1.0618100000030495E-003   3.8799999657612716E-007   0.0000000000000000        0.0000000000000000        0.0000000000000000     
   1.1699999902248237E-007   2.7457000001618326E-005   4.2613999994500773E-005   1.2171489999985852E-003   5.0900000303499837E-007   0.0000000000000000        0.0000000000000000        0.0000000000000000     
   0.0000000000000000        2.8998999994200858E-005   4.5059000001401728E-005   1.0661170000005882E-003   4.2799999988574200E-007   0.0000000000000000        0.0000000000000000        0.0000000000000000     
   1.2199999588347055E-007   2.9179000001988697E-005   4.2796999998984120E-005   1.2345580000001632E-003   8.3300000142116915E-007   0.0000000000000000        0.0000000000000000        0.0000000000000000     
   0.0000000000000000        2.7541000001463090E-005   4.0910000002725155E-005   1.0575129999992328E-003   3.5499999739840860E-007   0.0000000000000000        0.0000000000000000        0.0000000000000000     
   1.2199999588347055E-007   2.8631999995809565E-005   4.1647999999838703E-005   1.2243609999984528E-003   5.7300000122495476E-007   0.0000000000000000        0.0000000000000000        0.0000000000000000     
   0.0000000000000000        2.9523000002029676E-005   4.3249000000855631E-005   1.0645819999979267E-003   4.4700000501052273E-007   0.0000000000000000        0.0000000000000000        0.0000000000000000     
   1.1799999555250906E-007   2.8353000004699425E-005   4.2768000000137363E-005   1.2264329999993606E-003   5.2700000452432505E-007   0.0000000000000000        0.0000000000000000        0.0000000000000000     
   0.0000000000000000        2.7236000001096272E-005   4.4118000005255453E-005   1.0704649999979665E-003   5.6000000370204361E-007   0.0000000000000000        0.0000000000000000        0.0000000000000000     
   1.1400000232697494E-007   2.9647999994608654E-005   4.3240000003663681E-005   1.2222289999996860E-003   5.0100000237307540E-007   0.0000000000000000        0.0000000000000000        0.0000000000000000     
   0.0000000000000000        2.8386000003877143E-005   4.4072999997979423E-005   1.0728270000015527E-003   5.3800000188175545E-007   0.0000000000000000        0.0000000000000000        0.0000000000000000     
   1.1200000216149419E-007   2.8724000003421679E-005   4.1991999999879681E-005   1.2330980000001546E-003   7.6699999596030466E-007   0.0000000000000000        0.0000000000000000        0.0000000000000000     
   0.0000000000000000        2.9576999999392228E-005   4.4629999997880532E-005   1.0546720000021992E-003   4.4800000154054942E-007   0.0000000000000000        0.0000000000000000        0.0000000000000000     
   1.1299999869152089E-007   2.8985000000147920E-005   4.1232999997475872E-005   1.2218480000001364E-003   4.5599999509704503E-007   0.0000000000000000        0.0000000000000000        0.0000000000000000     
   0.0000000000000000        2.9189999999346128E-005   4.2523000004734968E-005   1.0682229999972037E-003   3.6999999508680048E-007   0.0000000000000000        0.0000000000000000        0.0000000000000000     
   2.5100000300426473E-007   2.7969000001348832E-005   4.3171999998037336E-005   1.2322919999974147E-003   7.7600000025768168E-007   0.0000000000000000        0.0000000000000000        0.0000000000000000     
   0.0000000000000000        2.8624999998783096E-005   4.1948999999874559E-005   1.0680229999948665E-003   5.5900000006658956E-007   0.0000000000000000        0.0000000000000000        0.0000000000000000     
   1.1799999555250906E-007   2.9732999998088872E-005   4.1879000001188160E-005   1.2232119999993074E-003   6.7999999942003342E-007   0.0000000000000000        0.0000000000000000        0.0000000000000000     
   0.0000000000000000        2.9121000004295183E-005   4.3703000002892622E-005   1.0527439999989952E-003   3.8200000318511229E-007   0.0000000000000000        0.0000000000000000        0.0000000000000000     
   1.1399999522154758E-007   2.8774000000453270E-005   4.0804000001060103E-005   1.2262349999971889E-003   1.0219999992955309E-006   0.0000000000000000        0.0000000000000000        0.0000000000000000     
   0.0000000000000000        2.9044000001476888E-005   4.2989000007764844E-005   1.0473730000057913E-003   4.7800000402276055E-007   0.0000000000000000        0.0000000000000000        0.0000000000000000     
   1.1599999538702832E-007   2.8637999989200580E-005   4.1507999995360478E-005   1.2206930000075999E-003   5.2500000435884431E-007   0.0000000000000000        0.0000000000000000        0.0000000000000000     
   0.0000000000000000        2.8248999996094426E-005   4.4411999994053986E-005   1.0778319999928954E-003   4.2700000335571531E-007   0.0000000000000000        0.0000000000000000        0.0000000000000000     
   1.1200000926692155E-007   2.8850000006741539E-005   4.1979000002356770E-005   1.2254969999929699E-003   4.4300000467956124E-007   0.0000000000000000        0.0000000000000000        0.0000000000000000     
   0.0000000000000000        3.0385999991722201E-005   4.4875000000388354E-005   1.0659210000056873E-003   6.0100001064711250E-007   0.0000000000000000        0.0000000000000000        0.0000000000000000     
   4.5299999840153760E-007   2.8021999995075930E-005   4.3206999990275108E-005   1.2255709999919873E-003   4.9300000171115244E-007   0.0000000000000000        0.0000000000000000        0.0000000000000000     
   0.0000000000000000        2.8154999995422259E-005   4.7973000008028066E-005   1.0514829999976882E-003   3.4499998946557753E-007   0.0000000000000000        0.0000000000000000        0.0000000000000000     
   1.1699999902248237E-007   2.8874000008727307E-005   4.1393999993033503E-005   1.2224510000038435E-003   5.6199999676209700E-007   0.0000000000000000        0.0000000000000000        0.0000000000000000     
   0.0000000000000000        2.6228999999489133E-005   4.1414999998323765E-005   1.0726249999919446E-003   4.4199998683325248E-007   0.0000000000000000        0.0000000000000000        0.0000000000000000     
   1.1600000959788304E-007   2.8926000013029807E-005   4.1809999999031788E-005   1.2253040000018700E-003   4.8100000071826798E-007   0.0000000000000000        0.0000000000000000        0.0000000000000000     
   0.0000000000000000        2.8065000009291907E-005   4.1295000002605775E-005   1.0034729999972569E-003   3.6000000136482413E-007   0.0000000000000000        0.0000000000000000        0.0000000000000000     
   1.1499999175157427E-007   2.8234000012616889E-005   4.2703000005417380E-005   1.2302680000004784E-003   1.0589999988042109E-006   0.0000000000000000        0.0000000000000000        0.0000000000000000     
   0.0000000000000000        2.9047999987596995E-005   4.3562000001884371E-005   1.0654310000006717E-003   3.6800000202674710E-007   0.0000000000000000        0.0000000000000000        0.0000000000000000     
   1.1500000596242899E-007   2.8745999998136540E-005   4.2496999995478291E-005   1.2211760000013783E-003   7.1399999512777867E-007   0.0000000000000000        0.0000000000000000        0.0000000000000000     
   0.0000000000000000        2.7897999999026979E-005   4.2058000005340546E-005   1.0626730000069529E-003   3.6800000202674710E-007   0.0000000000000000        0.0000000000000000        0.0000000000000000     
   1.1699999902248237E-007   2.9002999994531820E-005   4.1252000002600653E-005   1.2293000000056509E-003   5.8400000568781252E-007   0.0000000000000000        0.0000000000000000        0.0000000000000000     
   0.0000000000000000        2.8970000002459528E-005   4.4531000000347376E-005   1.0567869999960067E-003   3.6900000566220115E-007   0.0000000000000000        0.0000000000000000        0.0000000000000000     
   1.1500000596242899E-007   2.8509999992820667E-005   4.0634000001205095E-005   1.2238010000089616E-003   4.9800000567756797E-007   0.0000000000000000        0.0000000000000000        0.0000000000000000     
   0.0000000000000000        3.0090999999288215E-005   4.4082999991701399E-005   1.0547490000050175E-003   3.8499999277519237E-007   0.0000000000000000        0.0000000000000000        0.0000000000000000     
   1.1400000232697494E-007   2.8270000001384687E-005   4.2590999996150458E-005   1.2312269999910086E-003   4.8900000138019095E-007   0.0000000000000000        0.0000000000000000        0.0000000000000000     
   0.0000000000000000        3.0299000002287357E-005   4.4225999999980559E-005   1.0716309999878604E-003   3.6399998748493090E-007   0.0000000000000000        0.0000000000000000        0.0000000000000000     
   1.2600000331985939E-007   2.8572000005055997E-005   4.2896000010728130E-005   1.2295599999987417E-003   8.4399999877859955E-007   0.0000000000000000        0.0000000000000000        0.0000000000000000     
   0.0000000000000000        2.8681999992841156E-005   4.3066999992902311E-005   1.0551449999951501E-003   3.7099999872225453E-007   0.0000000000000000        0.0000000000000000        0.0000000000000000     
   1.1400000232697494E-007   2.8397999997764600E-005   4.0667999996912840E-005   1.2153049999881205E-003   4.2500001029566192E-007   0.0000000000000000        0.0000000000000000        0.0000000000000000     
   0.0000000000000000        3.0426999998667270E-005   4.3116000000509302E-005   1.0687720000106538E-003   4.4100001161950786E-007   0.0000000000000000        0.0000000000000000        0.0000000000000000     
   1.1900000629339047E-007   2.9849000000581327E-005   4.3675999990000491E-005   1.2278030000061335E-003   5.1600000006146729E-007   0.0000000000000000        0.0000000000000000        0.0000000000000000     
   0.0000000000000000        2.8305000000727887E-005   4.3044999998187450E-005   1.0750799999925675E-003   5.7399999775498145E-007   0.0000000000000000        0.0000000000000000        0.0000000000000000     
   1.1600000959788304E-007   2.8188000001705404E-005   4.1537000001312663E-005   1.2134650000064084E-003   1.1890000024550318E-006   0.0000000000000000        0.0000000000000000        0.0000000000000000     
   0.0000000000000000        2.8514999996787083E-005   4.3317000006481976E-005   1.0715619999928094E-003   4.3099998947582208E-007   0.0000000000000000        0.0000000000000000        0.0000000000000000     
   1.1500000596242899E-007   2.7595000005931070E-005   4.2096999990803852E-005   1.2250320000077863E-003   7.2199999578970164E-007   0.0000000000000000        0.0000000000000000        0.0000000000000000     
   0.0000000000000000        2.9104000006441311E-005   4.4225999999980559E-005   1.0654670000036504E-003   3.6800000202674710E-007   0.0000000000000000        0.0000000000000000        0.0000000000000000     
   1.2199998877804319E-007   2.8049999997392661E-005   4.2346000000748063E-005   1.2249000000110755E-003   7.3700000768894824E-007   0.0000000000000000        0.0000000000000000        0.0000000000000000     
   0.0000000000000000        2.7818999996043203E-005   4.3148000003156994E-005   1.0578900000126623E-003   4.0400000500540045E-007   0.0000000000000000        0.0000000000000000        0.0000000000000000     
   1.1600000959788304E-007   2.9252999993900630E-005   4.2965999995203674E-005   1.2189269999964836E-003   5.1800000733237539E-007   0.0000000000000000        0.0000000000000000        0.0000000000000000     
   0.0000000000000000        2.9416999993259196E-005   4.4008000003259440E-005   1.0662500000080399E-003   3.9900000103898492E-007   0.0000000000000000        0.0000000000000000        0.0000000000000000     
   1.1899999208253575E-007   2.8904999993528691E-005   4.1409000004932750E-005   1.2324269999908211E-003   7.5600000570830161E-007   0.0000000000000000        0.0000000000000000        0.0000000000000000     
   0.0000000000000000        2.8124000010620875E-005   4.4162000008896030E-005   1.0612410000021555E-003   4.2499999608480721E-007   0.0000000000000000        0.0000000000000000        0.0000000000000000     
   1.7000000696043571E-007   2.8006000007962939E-005   4.3155999989608063E-005   1.2214469999918265E-003   4.8500000104922947E-007   0.0000000000000000        0.0000000000000000        0.0000000000000000     
   0.0000000000000000        2.8598000000101820E-005   4.2892999999821768E-005   1.0583030000077542E-003   3.7199998814685387E-007   0.0000000000000000        0.0000000000000000        0.0000000000000000     
   1.2200000298889790E-007   3.0346999992048040E-005   4.3826999998941574E-005   1.2221780000061244E-003   4.8299999377832137E-007   0.0000000000000000        0.0000000000000000        0.0000000000000000     
   0.0000000000000000        2.8467000007026400E-005   4.4484000000011292E-005   1.0679819999950269E-003   4.3300001095758489E-007   0.0000000000000000        0.0000000000000000        0.0000000000000000     
   1.1800000265793642E-007   2.9767000000902044E-005   4.2652999994174934E-005   1.2206270000092445E-003   6.8700001065735705E-007   0.0000000000000000        0.0000000000000000        0.0000000000000000     
   0.0000000000000000        2.9974999989690332E-005   4.3308000002184599E-005   1.0453990000058866E-003   3.6799998781589238E-007   0.0000000000000000        0.0000000000000000        0.0000000000000000     
   1.1500000596242899E-007   2.8962999991222205E-005   4.1543999998339132E-005   1.2326960000024201E-003   8.4299999514314550E-007   0.0000000000000000        0.0000000000000000        0.0000000000000000     
   0.0000000000000000        2.7547000001959532E-005   4.1620000004627400E-005   1.0604919999934737E-003   3.7199998814685387E-007   0.0000000000000000        0.0000000000000000        0.0000000000000000     
   1.1299999869152089E-007   2.8460999999424530E-005   4.0612999995914834E-005   1.2166599999972050E-003   4.2499999608480721E-007   0.0000000000000000        0.0000000000000000        0.0000000000000000     
   0.0000000000000000        2.6942000005192313E-005   4.2476999993823483E-005   1.0630740000010519E-003   5.0199999179767474E-007   0.0000000000000000        0.0000000000000000        0.0000000000000000     
