   1.2299999951892460E-007   2.2478999994746118E-005   2.1792410000003315E-003   1.2084279999982073E-003   3.5099999706744711E-007   0.0000000000000000        0.0000000000000000        0.0000000000000000     
   0.0000000000000000        8.9679999959457746E-006   3.0199420000016630E-003   1.1145949999971094E-003   6.9400000057839861E-007   0.0000000000000000        0.0000000000000000        0.0000000000000000     
   1.1799999555250906E-007   1.8898000000433512E-005   1.9572180000011485E-003   1.1932410000028426E-003   6.0499999676721927E-007   0.0000000000000000        0.0000000000000000        0.0000000000000000     
   0.0000000000000000        1.0791000001120210E-005   2.1905189999955610E-003   1.0222209999994902E-003   3.4700000384191299E-007   0.0000000000000000        0.0000000000000000        0.0000000000000000     
   1.1099999852604014E-007   2.2999000002243974E-005   1.9241970000010156E-003   1.1943229999999971E-003   3.7400000252318932E-007   0.0000000000000000        0.0000000000000000        0.0000000000000000     
   0.0000000000000000        9.1040000000930377E-006   2.1307290000009971E-003   1.0472459999988359E-003   5.7900000172139698E-007   0.0000000000000000        0.0000000000000000        0.0000000000000000     
   1.2000000282341716E-007   1.2597000001335346E-005   1.9993189999993888E-003   1.2076269999994338E-003   3.4699999673648563E-007   0.0000000000000000        0.0000000000000000        0.0000000000000000     
   0.0000000000000000        2.3544999997682226E-005   2.5160749999955101E-003   1.0938949999967917E-003   3.6699999839129305E-007   0.0000000000000000        0.0000000000000000        0.0000000000000000     
   1.1299999869152089E-007   1.9520999998690058E-005   1.9817469999949822E-003   1.1753900000002204E-003   3.4800000037193968E-007   0.0000000000000000        0.0000000000000000        0.0000000000000000     
   0.0000000000000000        2.5450999999065971E-005   1.8489220000006412E-003   9.3110499999937701E-004   2.9100000631387957E-007   0.0000000000000000        0.0000000000000000        0.0000000000000000     
   1.2400000315437865E-007   2.8706999998462379E-005   2.1469910000035952E-003   1.2380550000017365E-003   4.8100000071826798E-007   0.0000000000000000        0.0000000000000000        0.0000000000000000     
   0.0000000000000000        6.3350000019113395E-006   2.5168410000020458E-003   1.2109359999996627E-003   3.7299999888773527E-007   0.0000000000000000        0.0000000000000000        0.0000000000000000     
   1.1600000249245568E-007   2.0423000002267599E-005   2.0057959999988384E-003   1.1967109999986292E-003   5.3699999824630140E-007   0.0000000000000000        0.0000000000000000        0.0000000000000000     
   0.0000000000000000        1.6917000003502380E-005   2.0038210000024037E-003   1.0485150000008048E-003   5.7100000105947402E-007   0.0000000000000000        0.0000000000000000        0.0000000000000000     
   1.1200000216149419E-007   1.9876999999723921E-005   1.9124559999994517E-003   1.1882740000004333E-003   4.7900000055278724E-007   0.0000000000000000        0.0000000000000000        0.0000000000000000     
   0.0000000000000000        1.3637000002120203E-005   2.0200279999968984E-003   1.0166739999988295E-003   3.4099999624004340E-007   0.0000000000000000        0.0000000000000000        0.0000000000000000     
   1.1199999505606684E-007   1.9384999994542795E-005   1.9610720000002857E-003   1.1882960000022535E-003   6.0499999676721927E-007   0.0000000000000000        0.0000000000000000        0.0000000000000000     
   0.0000000000000000        2.3630999997692470E-005   1.9354570000018612E-003   1.0155720000000201E-003   5.3600000171627471E-007   0.0000000000000000        0.0000000000000000        0.0000000000000000     
   1.3700000067728979E-007   8.7129999997159757E-006   2.0049120000038556E-003   1.1756320000060327E-003   4.8799999774473690E-007   0.0000000000000000        0.0000000000000000        0.0000000000000000     
   0.0000000000000000        1.9451000000003660E-005   1.9168169999943530E-003   1.0056610000006572E-003   3.6400000169578561E-007   0.0000000000000000        0.0000000000000000        0.0000000000000000     
   4.5400000203699165E-007   1.9216000005428668E-005   1.9402770000027658E-003   1.2033729999956222E-003   3.5899999772937008E-007   0.0000000000000000        0.0000000000000000        0.0000000000000000     
   0.0000000000000000        1.1533159999999043E-003   3.5973729999980719E-003   1.3005249999977764E-003   1.2439999999003248E-005   0.0000000000000000        0.0000000000000000        0.0000000000000000     
   1.4300000117373202E-007   2.6051799999748937E-004   2.4923930000042560E-003   1.6406419999981381E-003   3.3700000301450928E-007   0.0000000000000000        0.0000000000000000        0.0000000000000000     
   0.0000000000000000        2.1246000002861365E-005   1.9703970000009008E-003   1.0412899999963088E-003   5.0999999956502506E-007   0.0000000000000000        0.0000000000000000        0.0000000000000000     
   1.1099999852604014E-007   1.8327999995904065E-005   1.9896429999946008E-003   1.2085299999995414E-003   6.5100000057327634E-007   0.0000000000000000        0.0000000000000000        0.0000000000000000     
   0.0000000000000000        1.5123000004280129E-005   1.8899450000020579E-003   1.0142470000005233E-003   4.3600000054766497E-007   0.0000000000000000        0.0000000000000000        0.0000000000000000     
   4.2599999972026126E-007   1.4158999995572685E-005   2.0116800000025137E-003   1.2009929999976521E-003   5.5099999940466660E-007   0.0000000000000000        0.0000000000000000        0.0000000000000000     
   0.0000000000000000        1.2978999997415031E-005   1.9126689999993118E-003   1.0190059999999335E-003   3.6299999806033156E-007   0.0000000000000000        0.0000000000000000        0.0000000000000000     
   1.1800000265793642E-007   5.5339999960324349E-006   2.4566939999957071E-003   1.2282309999989138E-003   5.0799999939954432E-007   0.0000000000000000        0.0000000000000000        0.0000000000000000     
   0.0000000000000000        1.7804999998816129E-005   1.9242259999998623E-003   1.0237529999983508E-003   3.4600000020645894E-007   0.0000000000000000        0.0000000000000000        0.0000000000000000     
   1.1200000216149419E-007   2.1011999997710973E-005   1.9536519999974189E-003   1.2017849999992336E-003   5.4599999543825106E-007   0.0000000000000000        0.0000000000000000        0.0000000000000000     
   0.0000000000000000        4.7249999965970346E-006   1.9614730000014902E-003   1.0625669999981824E-003   3.5300000433835521E-007   0.0000000000000000        0.0000000000000000        0.0000000000000000     
   1.1299999869152089E-007   2.3497999997346142E-005   1.9886480000010920E-003   1.2050630000004503E-003   4.6999999625541022E-007   0.0000000000000000        0.0000000000000000        0.0000000000000000     
   0.0000000000000000        1.3778000003128454E-005   1.9872270000007575E-003   1.0506660000046963E-003   4.3500000401763828E-007   0.0000000000000000        0.0000000000000000        0.0000000000000000     
   1.1200000216149419E-007   1.1733000000901939E-005   1.9044710000031273E-003   1.1860369999965314E-003   3.3799999954453597E-007   0.0000000000000000        0.0000000000000000        0.0000000000000000     
   0.0000000000000000        6.3270000012494165E-006   3.1327149999995640E-003   1.1303429999998116E-003   3.7499999905321602E-007   0.0000000000000000        0.0000000000000000        0.0000000000000000     
   1.2000000282341716E-007   1.7456000001914163E-005   2.1452750000037213E-003   1.1963389999962715E-003   3.5100000417287447E-007   0.0000000000000000        0.0000000000000000        0.0000000000000000     
   0.0000000000000000        4.3589999997095674E-005   1.9405910000003246E-003   1.0101159999962306E-003   3.4300000351095150E-007   0.0000000000000000        0.0000000000000000        0.0000000000000000     
   1.1899999918796311E-007   1.3678000001959845E-005   1.9573339999965356E-003   1.1915579999950410E-003   3.6300000516575892E-007   0.0000000000000000        0.0000000000000000        0.0000000000000000     
   0.0000000000000000        2.1513999996614075E-005   2.0166990000021201E-003   9.9703099999715050E-004   5.3899999841178214E-007   0.0000000000000000        0.0000000000000000        0.0000000000000000     
   1.1700000612790973E-007   1.4282999998727064E-005   1.9942309999976260E-003   1.1945689999990350E-003   3.6000000136482413E-007   0.0000000000000000        0.0000000000000000        0.0000000000000000     
   0.0000000000000000        1.3930000001494136E-005   1.8541689999977962E-003   9.2915900000178908E-004   3.5400000086838190E-007   0.0000000000000000        0.0000000000000000        0.0000000000000000     
   1.1600000249245568E-007   1.0880000004931389E-005   2.0253249999981904E-003   1.1912330000001248E-003   3.3599999937905523E-007   0.0000000000000000        0.0000000000000000        0.0000000000000000     
   0.0000000000000000        2.5872000001925244E-005   2.0085440000059407E-003   1.0322799999968879E-003   3.4099999624004340E-007   0.0000000000000000        0.0000000000000000        0.0000000000000000     
   1.1400000232697494E-007   2.1875000001614353E-005   2.0001979999975106E-003   1.2002949999967427E-003   3.9300000054254269E-007   0.0000000000000000        0.0000000000000000        0.0000000000000000     
   0.0000000000000000        1.9619999996223214E-005   1.9658940000013558E-003   1.0524699999976406E-003   3.6299999806033156E-007   0.0000000000000000        0.0000000000000000        0.0000000000000000     
   1.2699999984988608E-007   1.9328000000484735E-005   1.9708800000017845E-003   1.3099319999980708E-003   3.5899999772937008E-007   0.0000000000000000        0.0000000000000000        0.0000000000000000     
   0.0000000000000000        4.7598000001869423E-005   1.9445349999998029E-003   1.0220230000044239E-003   4.7500000022182576E-007   0.0000000000000000        0.0000000000000000        0.0000000000000000     
   1.1999999571798980E-007   2.2485000002347988E-005   1.9196579999984920E-003   1.2126910000063162E-003   3.4199999987549745E-007   0.0000000000000000        0.0000000000000000        0.0000000000000000     
   0.0000000000000000        1.6614000003301044E-005   2.0672509999997146E-003   1.0898299999979599E-003   3.4800000037193968E-007   0.0000000000000000        0.0000000000000000        0.0000000000000000     
   1.1499999885700163E-007   2.4617999997644802E-005   1.9986540000047626E-003   1.2391289999982291E-003   3.5999999425939677E-007   0.0000000000000000        0.0000000000000000        0.0000000000000000     
   0.0000000000000000        6.7829999963464616E-006   1.9281289999995010E-003   1.0673099999962687E-003   4.2799999988574200E-007   0.0000000000000000        0.0000000000000000        0.0000000000000000     
   1.1199999505606684E-007   1.2408999999991011E-005   2.0745330000053741E-003   1.2076470000010886E-003   4.6799999608992948E-007   0.0000000000000000        0.0000000000000000        0.0000000000000000     
   0.0000000000000000        6.6480000029400799E-006   2.5335569999995755E-003   1.0890000000003397E-003   5.1899999675697472E-007   0.0000000000000000        0.0000000000000000        0.0000000000000000     
   1.1099999852604014E-007   9.1790000027458518E-006   1.8775369999985969E-003   1.1609160000034535E-003   4.2300000302475382E-007   0.0000000000000000        0.0000000000000000        0.0000000000000000     
   0.0000000000000000        2.3544999997682226E-005   2.3810749999952918E-003   1.0395219999992378E-003   6.7700000272452598E-007   0.0000000000000000        0.0000000000000000        0.0000000000000000     
   1.3399999687635500E-007   9.1849999961368667E-006   1.9592550000027131E-003   1.1743210000005888E-003   4.8100000071826798E-007   0.0000000000000000        0.0000000000000000        0.0000000000000000     
   0.0000000000000000        1.3148000000740012E-005   1.9589470000056508E-003   1.0503960000036727E-003   3.5099999706744711E-007   0.0000000000000000        0.0000000000000000        0.0000000000000000     
   1.4300000117373202E-007   7.9420000034247096E-006   2.2348270000023263E-003   1.1804949999998371E-003   5.3100000485528653E-007   0.0000000000000000        0.0000000000000000        0.0000000000000000     
   0.0000000000000000        2.3353999999642383E-005   1.9419360000014763E-003   1.0130440000040153E-003   3.4899999690196637E-007   0.0000000000000000        0.0000000000000000        0.0000000000000000     
   1.1200000216149419E-007   8.6579999987179690E-006   1.9838000000049760E-003   1.1848989999947435E-003   3.5600000103386265E-007   0.0000000000000000        0.0000000000000000        0.0000000000000000     
   0.0000000000000000        7.7709999999342472E-006   2.5588410000025874E-003   1.0479060000037066E-003   4.2399999955478052E-007   0.0000000000000000        0.0000000000000000        0.0000000000000000     
   1.1299999869152089E-007   1.3236999997445764E-005   1.9251360000041018E-003   1.1766709999960767E-003   3.5699999756388934E-007   0.0000000000000000        0.0000000000000000        0.0000000000000000     
   0.0000000000000000        1.4270000001204153E-005   1.9349539999993226E-003   1.0376769999993485E-003   6.0199999296628448E-007   0.0000000000000000        0.0000000000000000        0.0000000000000000     
   2.6200000036169513E-007   6.1380000033750548E-006   2.5231270000034556E-003   1.1939170000019317E-003   7.0699999810130976E-007   0.0000000000000000        0.0000000000000000        0.0000000000000000     
   0.0000000000000000        5.4959999999937281E-005   2.0058149999968578E-003   1.0356619999996042E-003   3.4199999987549745E-007   0.0000000000000000        0.0000000000000000        0.0000000000000000     
   1.2400000315437865E-007   3.3516000002009605E-005   2.5179109999982074E-003   1.2919349999975793E-003   3.5699999756388934E-007   0.0000000000000000        0.0000000000000000        0.0000000000000000     
   0.0000000000000000        2.7745000004131271E-005   2.3544490000020346E-003   1.1878239999987272E-003   3.3799999954453597E-007   0.0000000000000000        0.0000000000000000        0.0000000000000000     
   1.1099999852604014E-007   9.1289999986088333E-006   1.9617259999975545E-003   1.1775899999975081E-003   8.6900000439982250E-007   0.0000000000000000        0.0000000000000000        0.0000000000000000     
   0.0000000000000000        2.6028000000621887E-005   1.9848290000012980E-003   1.0552409999959877E-003   6.8800000008195639E-007   0.0000000000000000        0.0000000000000000        0.0000000000000000     
   1.1200000216149419E-007   1.3731999999322397E-005   1.9871149999985960E-003   1.1865199999974152E-003   3.7400000252318932E-007   0.0000000000000000        0.0000000000000000        0.0000000000000000     
   0.0000000000000000        2.8006000000857512E-005   2.0806089999965138E-003   1.0294790000031639E-003   3.5800000119934339E-007   0.0000000000000000        0.0000000000000000        0.0000000000000000     
   1.1400000232697494E-007   2.1877000001779834E-005   1.9242720000036684E-003   1.3257270000011090E-003   8.3500000158664989E-007   0.0000000000000000        0.0000000000000000        0.0000000000000000     
   0.0000000000000000        1.8470000000547770E-005   1.8999939999986282E-003   1.0705540000017777E-003   3.4400000004097819E-007   0.0000000000000000        0.0000000000000000        0.0000000000000000     
   1.1200000216149419E-007   2.6376000000993827E-005   1.9487399999960076E-003   1.2369870000057404E-003   3.7300000599316263E-007   0.0000000000000000        0.0000000000000000        0.0000000000000000     
   0.0000000000000000        2.5961999995161023E-005   2.0110389999956624E-003   1.0227979999939407E-003   3.4400000004097819E-007   0.0000000000000000        0.0000000000000000        0.0000000000000000     
   1.4300000117373202E-007   8.3750000001714398E-006   3.1755799999970691E-003   1.2147079999991206E-003   4.7000000336083758E-007   0.0000000000000000        0.0000000000000000        0.0000000000000000     
   0.0000000000000000        2.7637000002300738E-005   3.2355299999977660E-003   1.1233819999958428E-003   4.6899999972538353E-007   0.0000000000000000        0.0000000000000000        0.0000000000000000     
   1.1200000216149419E-007   1.4669000002243138E-005   1.9274819999992587E-003   1.1762789999991696E-003   3.4500000367643224E-007   0.0000000000000000        0.0000000000000000        0.0000000000000000     
   0.0000000000000000        2.9245000000344135E-005   2.0637910000047555E-003   1.0361010000039528E-003   3.3300000268354779E-007   0.0000000000000000        0.0000000000000000        0.0000000000000000     
   1.1700000612790973E-007   2.4822000000312983E-005   2.0183719999948835E-003   1.2114320000051748E-003   6.7799999925455268E-007   0.0000000000000000        0.0000000000000000        0.0000000000000000     
   0.0000000000000000        1.9466000004797479E-005   1.9482249999995815E-003   1.0289569999955006E-003   3.4900000400739373E-007   0.0000000000000000        0.0000000000000000        0.0000000000000000     
   1.2599999621443203E-007   2.5524000001553304E-005   2.1005340000002093E-003   1.2343229999984828E-003   5.6399999692757774E-007   0.0000000000000000        0.0000000000000000        0.0000000000000000     
   0.0000000000000000        1.8817999993814283E-005   2.0638139999960003E-003   1.0878329999997050E-003   3.5000000053742042E-007   0.0000000000000000        0.0000000000000000        0.0000000000000000     
   1.2200000298889790E-007   1.6416999997659332E-005   2.1410310000007371E-003   1.1908260000055293E-003   5.0100000237307540E-007   0.0000000000000000        0.0000000000000000        0.0000000000000000     
   0.0000000000000000        9.7439999962034562E-006   1.8474450000027787E-003   9.5622399999939489E-004   2.9599999606944039E-007   0.0000000000000000        0.0000000000000000        0.0000000000000000     
   1.1300000579694824E-007   1.3967999997532843E-005   1.9895789999964109E-003   1.1999350000024833E-003   3.6000000136482413E-007   0.0000000000000000        0.0000000000000000        0.0000000000000000     
   0.0000000000000000        1.0740999996983192E-005   2.0051340000009077E-003   1.0679369999877508E-003   3.8100000665508560E-007   0.0000000000000000        0.0000000000000000        0.0000000000000000     
   1.1100000563146750E-007   2.6335999990578784E-005   1.8440770000012208E-003   1.1908940000040502E-003   2.8499999871200998E-007   0.0000000000000000        0.0000000000000000        0.0000000000000000     
   0.0000000000000000        2.7651999999989130E-005   1.9378719999991745E-003   1.0361759999995002E-003   4.5500000567244570E-007   0.0000000000000000        0.0000000000000000        0.0000000000000000     
   1.1000000199601345E-007   2.6732999998557716E-005   1.8951119999996990E-003   1.2246370000070783E-003   4.5600000930789975E-007   0.0000000000000000        0.0000000000000000        0.0000000000000000     
   0.0000000000000000        1.4625000005707989E-005   1.9585089999907268E-003   1.0088930000051732E-003   3.5299999012750050E-007   0.0000000000000000        0.0000000000000000        0.0000000000000000     
   2.5399999969977216E-007   3.3626000004005618E-005   2.3849479999995538E-003   1.2405109999917840E-003   3.5200000070290116E-007   0.0000000000000000        0.0000000000000000        0.0000000000000000     
   0.0000000000000000        1.9713000000365355E-005   1.9952169999868374E-003   1.0317200000002913E-003   5.0100000237307540E-007   0.0000000000000000        0.0000000000000000        0.0000000000000000     
   1.1499999175157427E-007   2.9366999996227605E-005   1.9747989999956417E-003   1.2139410000031603E-003   4.6400000996982271E-007   0.0000000000000000        0.0000000000000000        0.0000000000000000     
   0.0000000000000000        5.2027999998927044E-005   1.9989490000114074E-003   1.0166599999905657E-003   4.5199999476608355E-007   0.0000000000000000        0.0000000000000000        0.0000000000000000     
   1.1900000629339047E-007   2.1284000013110926E-005   1.9276060000095185E-003   1.1932279999911088E-003   3.5499999739840860E-007   0.0000000000000000        0.0000000000000000        0.0000000000000000     
   0.0000000000000000        1.0035999991941935E-005   2.0322880000094301E-003   1.2722409999952333E-003   3.4800000037193968E-007   0.0000000000000000        0.0000000000000000        0.0000000000000000     
   1.3699998646643508E-007   2.8221999997413150E-005   2.5017259999913222E-003   1.2059060000098043E-003   3.7200000235770858E-007   0.0000000000000000        0.0000000000000000        0.0000000000000000     
   0.0000000000000000        1.8460000006825794E-005   1.8604849999945827E-003   9.5862899999588080E-004   3.5500001160926331E-007   0.0000000000000000        0.0000000000000000        0.0000000000000000     
   1.6699999605407356E-007   8.5810000030051015E-006   2.9803860000043869E-003   1.2082939999942255E-003   5.8199999841690442E-007   0.0000000000000000        0.0000000000000000        0.0000000000000000     
   0.0000000000000000        1.4122999999699459E-005   1.8441809999956149E-003   9.6185299999262952E-004   3.4500000367643224E-007   0.0000000000000000        0.0000000000000000        0.0000000000000000     
   1.1500000596242899E-007   8.4539999960497880E-006   1.9627200000087441E-003   1.2009449999936805E-003   3.6400000169578561E-007   0.0000000000000000        0.0000000000000000        0.0000000000000000     
   0.0000000000000000        1.5960999988351432E-005   1.8966439999985596E-003   1.0227049999969040E-003   3.3999999971001671E-007   0.0000000000000000        0.0000000000000000        0.0000000000000000     
   1.1600000959788304E-007   1.9816000005334899E-005   1.9168009999930291E-003   1.1876220000033300E-003   3.6199999442487751E-007   0.0000000000000000        0.0000000000000000        0.0000000000000000     
   0.0000000000000000        8.0309999930250342E-006   2.0071609999945395E-003   1.0189160000066977E-003   3.7399999541776197E-007   0.0000000000000000        0.0000000000000000        0.0000000000000000     
   2.3399999804496474E-007   2.8258000000391803E-005   1.9811049999987063E-003   1.2239750000020422E-003   4.6200000269891461E-007   0.0000000000000000        0.0000000000000000        0.0000000000000000     
   0.0000000000000000        8.9180000060196107E-006   1.9956639999918480E-003   1.0480069999942998E-003   3.8100000665508560E-007   0.0000000000000000        0.0000000000000000        0.0000000000000000     
   1.1800000265793642E-007   2.6808000001210530E-005   1.9230329999970763E-003   1.1876060000020061E-003   6.5199999710330303E-007   0.0000000000000000        0.0000000000000000        0.0000000000000000     
   0.0000000000000000        2.1360000005188340E-005   1.8976650000013251E-003   9.9020700000096440E-004   6.2000000866646587E-007   0.0000000000000000        0.0000000000000000        0.0000000000000000     
   1.1999999571798980E-007   8.1339999979945787E-006   2.0727150000112715E-003   1.1799079999974538E-003   5.0699999576409027E-007   0.0000000000000000        0.0000000000000000        0.0000000000000000     
   0.0000000000000000        2.5755000010008189E-005   1.9044269999994867E-003   1.0039749999890546E-003   3.5000000764284778E-007   0.0000000000000000        0.0000000000000000        0.0000000000000000     
   1.4700000861012086E-007   2.5927000010028678E-005   2.3337909999980866E-003   1.2311389999979383E-003   3.6800000202674710E-007   0.0000000000000000        0.0000000000000000        0.0000000000000000     
   0.0000000000000000        2.5004999997690902E-005   2.0710820000005015E-003   1.0456600000026128E-003   6.2600000205748074E-007   0.0000000000000000        0.0000000000000000        0.0000000000000000     
   1.1099999142061279E-007   1.8597999996927683E-005   1.8443210000071986E-003   1.1637159999935420E-003   2.8299999144110188E-007   0.0000000000000000        0.0000000000000000        0.0000000000000000     
   0.0000000000000000        1.9464000004631998E-005   1.8915160000005926E-003   1.0137790000044333E-003   6.3800000305036519E-007   0.0000000000000000        0.0000000000000000        0.0000000000000000     
   1.5599999869664316E-007   8.2839999890893523E-006   2.0130549999919367E-003   1.2207860000046367E-003   4.9199999807569839E-007   0.0000000000000000        0.0000000000000000        0.0000000000000000     
   0.0000000000000000        2.9672000010805277E-005   2.0138929999973243E-003   1.0218039999898565E-003   5.8599999874786590E-007   0.0000000000000000        0.0000000000000000        0.0000000000000000     
   1.2999998943996616E-007   2.2349000005306152E-005   1.9870539999971015E-003   1.1870780000009518E-003   5.9500000304524292E-007   0.0000000000000000        0.0000000000000000        0.0000000000000000     
   0.0000000000000000        1.7499999998449312E-005   1.9244299999883197E-003   1.0393959999959179E-003   4.2199999938929977E-007   0.0000000000000000        0.0000000000000000        0.0000000000000000     
   1.1299999869152089E-007   7.3719999988952623E-006   2.3544229999998834E-003   1.1874189999900864E-003   5.5700000700653618E-007   0.0000000000000000        0.0000000000000000        0.0000000000000000     
   0.0000000000000000        3.8427999996315521E-005   1.9523920000068529E-003   1.0243709999997463E-003   6.5499999379881046E-007   0.0000000000000000        0.0000000000000000        0.0000000000000000     
   2.3200000498491136E-007   2.6488999992579920E-005   1.9533720000026733E-003   1.2084090000001879E-003   4.0599999806545384E-007   0.0000000000000000        0.0000000000000000        0.0000000000000000     
   0.0000000000000000        1.5140000002134002E-005   1.9226219999950445E-003   1.1010950000098774E-003   5.2299999708793621E-007   0.0000000000000000        0.0000000000000000        0.0000000000000000     
   1.1100000563146750E-007   2.6367999993226476E-005   2.0596260000047550E-003   1.2031679999893186E-003   5.1000000667045242E-007   0.0000000000000000        0.0000000000000000        0.0000000000000000     
   0.0000000000000000        1.8275000002176967E-005   1.9749159999946642E-003   1.0346130000016274E-003   3.8100000665508560E-007   0.0000000000000000        0.0000000000000000        0.0000000000000000     
   1.2999998943996616E-007   2.9781999998590436E-005   2.0820259999965174E-003   1.2512309999976878E-003   4.7700000038730650E-007   0.0000000000000000        0.0000000000000000        0.0000000000000000     
   0.0000000000000000        6.5770000077236546E-006   2.9241710000036392E-003   1.2564109999999573E-003   6.1899999082015711E-007   0.0000000000000000        0.0000000000000000        0.0000000000000000     
   1.1200000926692155E-007   1.4885999988223375E-005   1.9532940000033250E-003   1.1839269999995850E-003   3.8100000665508560E-007   0.0000000000000000        0.0000000000000000        0.0000000000000000     
   0.0000000000000000        2.4682000002940185E-005   1.9694360000102051E-003   1.0405219999967130E-003   3.5400000797380926E-007   0.0000000000000000        0.0000000000000000        0.0000000000000000     
   1.1899999208253575E-007   2.2274000002653338E-005   1.9562720000010358E-003   1.1923539999969535E-003   5.7399999775498145E-007   0.0000000000000000        0.0000000000000000        0.0000000000000000     
   0.0000000000000000        2.3929000008138246E-005   1.9426180000010618E-003   9.9660200000073473E-004   3.6400000169578561E-007   0.0000000000000000        0.0000000000000000        0.0000000000000000     
   1.1100000563146750E-007   2.5143000002003646E-005   1.8423020000000179E-003   1.1949999999956162E-003   3.8900000731700857E-007   0.0000000000000000        0.0000000000000000        0.0000000000000000     
   0.0000000000000000        2.5798999999437910E-005   2.0736549999895715E-003   1.0262010000019472E-003   3.9100000037706195E-007   0.0000000000000000        0.0000000000000000        0.0000000000000000     
   1.2200000298889790E-007   1.1068999995700324E-005   1.9991799999985460E-003   1.1859580000077585E-003   3.7600000268867007E-007   0.0000000000000000        0.0000000000000000        0.0000000000000000     
   0.0000000000000000        6.7189999981565052E-006   1.9463620000124138E-003   1.0586390000071333E-003   3.6199999442487751E-007   0.0000000000000000        0.0000000000000000        0.0000000000000000     
   1.1999999571798980E-007   1.8812000007528695E-005   2.0022570000008955E-003   1.1962250000010499E-003   3.6199999442487751E-007   0.0000000000000000        0.0000000000000000        0.0000000000000000     
   0.0000000000000000        1.9140999995670427E-005   2.0021710000008852E-003   1.0352129999944282E-003   3.7099999872225453E-007   0.0000000000000000        0.0000000000000000        0.0000000000000000     
   1.1399998811612022E-007   2.5245000003337736E-005   1.8446199999999635E-003   1.1848549999911029E-003   2.9100000631387957E-007   0.0000000000000000        0.0000000000000000        0.0000000000000000     
   0.0000000000000000        2.2960999999099840E-005   1.9809249999980238E-003   9.9772999999458989E-004   3.4299999640552414E-007   0.0000000000000000        0.0000000000000000        0.0000000000000000     
   1.1000000199601345E-007   1.5507999989949894E-005   1.9354310000068153E-003   1.1792140000039808E-003   3.8299999971513898E-007   0.0000000000000000        0.0000000000000000        0.0000000000000000     
   0.0000000000000000        6.4460000004373796E-006   2.0134290000015653E-003   1.0693149999951856E-003   4.1700000963373896E-007   0.0000000000000000        0.0000000000000000        0.0000000000000000     
   1.3700000067728979E-007   1.5136000001803041E-005   2.5388309999954117E-003   1.2398570000016207E-003   3.6899999145134643E-007   0.0000000000000000        0.0000000000000000        0.0000000000000000     
   0.0000000000000000        2.8608999997459250E-005   1.9677929999915023E-003   9.7647600000527746E-004   3.6999999508680048E-007   0.0000000000000000        0.0000000000000000        0.0000000000000000     
   1.2099999935344385E-007   2.0421999991526718E-005   2.0695519999947010E-003   1.2065039999953342E-003   3.5800000830477074E-007   0.0000000000000000        0.0000000000000000        0.0000000000000000     
   0.0000000000000000        2.4062000008484574E-005   1.9026480000121637E-003   9.9273299998969833E-004   5.9399999940978887E-007   0.0000000000000000        0.0000000000000000        0.0000000000000000     
   1.1800000265793642E-007   1.1482999994427701E-005   2.1218010000012555E-003   1.1729010000038897E-003   4.5000000170603016E-007   0.0000000000000000        0.0000000000000000        0.0000000000000000     
   0.0000000000000000        9.6760000047879657E-006   1.9391069999983301E-003   1.0675079999913351E-003   4.0800000533636194E-007   0.0000000000000000        0.0000000000000000        0.0000000000000000     
   1.2000000992884452E-007   2.1357999997917432E-005   2.0114330000069458E-003   1.2095270000003211E-003   4.5400000203699165E-007   0.0000000000000000        0.0000000000000000        0.0000000000000000     
   0.0000000000000000        1.7517000003408612E-005   1.9330300000035550E-003   1.0526060000017878E-003   3.4300001061637886E-007   0.0000000000000000        0.0000000000000000        0.0000000000000000     
