   1.1300000579694824E-007   4.6120000000371419E-004   2.3349049999978888E-003   1.0113379999978633E-003   7.7400000009220093E-007   0.0000000000000000        0.0000000000000000        0.0000000000000000     
   0.0000000000000000        4.9040399999711326E-004   1.9908780000008619E-003   1.0411390000015786E-003   1.0230000029309849E-006   0.0000000000000000        0.0000000000000000        0.0000000000000000     
   1.1399999522154758E-007   5.0668800000153169E-004   2.3400609999981725E-003   1.0105839999994259E-003   8.3199999778571510E-007   0.0000000000000000        0.0000000000000000        0.0000000000000000     
   0.0000000000000000        5.0411599999478085E-004   2.0890309999970214E-003   1.0349710000028267E-003   7.7099999629126614E-007   0.0000000000000000        0.0000000000000000        0.0000000000000000     
   1.1200000216149419E-007   4.7934099999480395E-004   2.3165389999988406E-003   1.0541330000037874E-003   7.9799999497254248E-007   0.0000000000000000        0.0000000000000000        0.0000000000000000     
   0.0000000000000000        5.0699499999495856E-004   2.0241739999988795E-003   1.0504850000003785E-003   7.4600000488089790E-007   0.0000000000000000        0.0000000000000000        0.0000000000000000     
   1.1699999902248237E-007   4.8097300000193854E-004   2.3595189999952026E-003   1.0580000000004475E-003   7.4200000454993642E-007   0.0000000000000000        0.0000000000000000        0.0000000000000000     
   0.0000000000000000        4.8040900000501097E-004   2.0149459999956321E-003   1.0058530000023325E-003   7.3100000008707866E-007   0.0000000000000000        0.0000000000000000        0.0000000000000000     
   1.1499999885700163E-007   4.6253899999726400E-004   2.3408059999994180E-003   1.0305129999963469E-003   8.3000000472566171E-007   0.0000000000000000        0.0000000000000000        0.0000000000000000     
   0.0000000000000000        7.4555700000189518E-004   3.0615290000000073E-003   1.3431030000035094E-003   7.1799999545874016E-007   0.0000000000000000        0.0000000000000000        0.0000000000000000     
   1.1300000579694824E-007   4.8124399999949219E-004   2.3810810000028937E-003   1.0625760000024798E-003   7.9800000207796984E-007   0.0000000000000000        0.0000000000000000        0.0000000000000000     
   0.0000000000000000        4.7135799999864503E-004   1.9786370000005604E-003   1.0187249999944470E-003   8.7800000159177216E-007   0.0000000000000000        0.0000000000000000        0.0000000000000000     
   1.1299999869152089E-007   4.7854400000346686E-004   2.3579439999963370E-003   1.1006980000018984E-003   4.6600000302987610E-007   0.0000000000000000        0.0000000000000000        0.0000000000000000     
   0.0000000000000000        4.8964000000495389E-004   1.9704549999985943E-003   1.0058920000020066E-003   1.4319999976919462E-006   0.0000000000000000        0.0000000000000000        0.0000000000000000     
   1.1199999505606684E-007   4.6009700000126941E-004   2.3350859999951012E-003   1.0383569999987685E-003   6.1699999776010372E-007   0.0000000000000000        0.0000000000000000        0.0000000000000000     
   0.0000000000000000        4.9162200000552048E-004   2.0868900000010626E-003   1.0407810000003792E-003   8.2000000389825800E-007   0.0000000000000000        0.0000000000000000        0.0000000000000000     
   1.1299999869152089E-007   4.8383500000426238E-004   2.3515780000025188E-003   1.0583290000028001E-003   1.1450000059198828E-006   0.0000000000000000        0.0000000000000000        0.0000000000000000     
   0.0000000000000000        4.7134199999732118E-004   1.9727379999991967E-003   1.0202619999972740E-003   8.3700000175213063E-007   0.0000000000000000        0.0000000000000000        0.0000000000000000     
   1.3100000018084756E-007   5.0130199999642855E-004   2.3624789999985296E-003   1.0202449999994201E-003   8.0999999596542693E-007   0.0000000000000000        0.0000000000000000        0.0000000000000000     
   0.0000000000000000        4.9105400000115651E-004   1.9863189999966835E-003   9.7616299999714329E-004   7.0399999430037496E-007   0.0000000000000000        0.0000000000000000        0.0000000000000000     
   1.1699999902248237E-007   4.7877799999440640E-004   2.3506470000000945E-003   1.0806799999940608E-003   7.6700000306573202E-007   0.0000000000000000        0.0000000000000000        0.0000000000000000     
   0.0000000000000000        4.6667799999511317E-004   1.9434049999986769E-003   9.9869999999668835E-004   1.0150000022690620E-006   0.0000000000000000        0.0000000000000000        0.0000000000000000     
   1.1399999522154758E-007   2.1598820000008345E-003   2.3341679999973053E-003   2.0202569999980824E-003   1.1993000001098153E-005   0.0000000000000000        0.0000000000000000        0.0000000000000000     
   0.0000000000000000        4.8654199999731418E-004   1.9450509999998644E-003   1.0746849999989649E-003   6.7699999561909863E-007   0.0000000000000000        0.0000000000000000        0.0000000000000000     
   4.3400000038218423E-007   7.8447100000289538E-004   2.9862510000029374E-003   1.1056119999963698E-003   7.1400000223320603E-007   0.0000000000000000        0.0000000000000000        0.0000000000000000     
   0.0000000000000000        4.9915199999617244E-004   2.0351340000033247E-003   9.8492900000479722E-004   8.6500000406886102E-007   0.0000000000000000        0.0000000000000000        0.0000000000000000     
   1.3900000084277053E-007   5.7663400000507181E-004   2.4963090000014176E-003   1.1750919999968801E-003   7.6199999909931648E-007   0.0000000000000000        0.0000000000000000        0.0000000000000000     
   0.0000000000000000        4.6937799999824392E-004   1.9172299999965503E-003   9.7686599999491364E-004   7.8600000108508539E-007   0.0000000000000000        0.0000000000000000        0.0000000000000000     
   1.1099999852604014E-007   4.6747999999752210E-004   2.3573630000015555E-003   1.1028599999960420E-003   7.2499999959063643E-007   0.0000000000000000        0.0000000000000000        0.0000000000000000     
   0.0000000000000000        4.5808699999838609E-004   1.9205749999997579E-003   9.8244000000136111E-004   9.5200000060913226E-007   0.0000000000000000        0.0000000000000000        0.0000000000000000     
   1.2099999935344385E-007   4.9789100000197095E-004   2.3410119999951462E-003   1.0521449999956189E-003   6.6399999809618748E-007   0.0000000000000000        0.0000000000000000        0.0000000000000000     
   0.0000000000000000        4.8590600000153472E-004   2.0258510000061847E-003   1.0201710000004027E-003   1.2120000008053466E-006   0.0000000000000000        0.0000000000000000        0.0000000000000000     
   1.1099999852604014E-007   4.7644099999644141E-004   2.3018139999990694E-003   1.0091320000000792E-003   7.1600000239868677E-007   0.0000000000000000        0.0000000000000000        0.0000000000000000     
   0.0000000000000000        4.8966299999619878E-004   1.9664920000010966E-003   1.0180730000044491E-003   3.5400000086838190E-007   0.0000000000000000        0.0000000000000000        0.0000000000000000     
   1.1199999505606684E-007   4.8109000000096103E-004   2.3541719999968791E-003   1.0600600000003624E-003   7.9200000158152761E-007   0.0000000000000000        0.0000000000000000        0.0000000000000000     
   0.0000000000000000        4.6387100000089276E-004   1.9032350000003362E-003   9.9961000000092781E-004   7.7400000009220093E-007   0.0000000000000000        0.0000000000000000        0.0000000000000000     
   1.1099999852604014E-007   4.9144500000153357E-004   2.3534919999974591E-003   1.1612249999970459E-003   9.8000000292586265E-007   0.0000000000000000        0.0000000000000000        0.0000000000000000     
   0.0000000000000000        4.8788400000177035E-004   1.9728110000016841E-003   1.0417209999999955E-003   1.0609999989696917E-006   0.0000000000000000        0.0000000000000000        0.0000000000000000     
   1.1099999852604014E-007   4.6784499999574791E-004   2.3445719999983794E-003   1.0613429999963842E-003   8.7000000092984919E-007   0.0000000000000000        0.0000000000000000        0.0000000000000000     
   0.0000000000000000        4.7088200000189318E-004   1.9021419999987188E-003   1.0032879999997135E-003   7.6100000256928979E-007   0.0000000000000000        0.0000000000000000        0.0000000000000000     
   1.2599999621443203E-007   5.5793700000350555E-004   2.4184520000005705E-003   1.1198190000030195E-003   8.4900000274501508E-007   0.0000000000000000        0.0000000000000000        0.0000000000000000     
   0.0000000000000000        4.7737100000233568E-004   1.9670989999980293E-003   1.0158999999987373E-003   8.2800000456018097E-007   0.0000000000000000        0.0000000000000000        0.0000000000000000     
   1.1099999852604014E-007   4.8416899999637053E-004   2.3272309999953222E-003   1.0518090000033453E-003   7.3599999694806684E-007   0.0000000000000000        0.0000000000000000        0.0000000000000000     
   0.0000000000000000        4.6833400000423353E-004   1.9622139999952992E-003   1.0226740000049972E-003   1.0509999981422880E-006   0.0000000000000000        0.0000000000000000        0.0000000000000000     
   1.1200000216149419E-007   5.0802599999855147E-004   2.3555320000028246E-003   1.0920249999983866E-003   5.3299999791533992E-007   0.0000000000000000        0.0000000000000000        0.0000000000000000     
   0.0000000000000000        4.9143200000401066E-004   1.9381809999998723E-003   1.0563149999995858E-003   4.5100000534148421E-007   0.0000000000000000        0.0000000000000000        0.0000000000000000     
   1.1200000216149419E-007   4.8322300000336327E-004   2.3672740000009185E-003   1.1521779999981163E-003   7.3900000074900163E-007   0.0000000000000000        0.0000000000000000        0.0000000000000000     
   0.0000000000000000        4.6871600000031322E-004   1.9250699999986409E-003   1.1392440000008719E-003   7.0299999777034827E-007   0.0000000000000000        0.0000000000000000        0.0000000000000000     
   1.1600000249245568E-007   5.0131099999362050E-004   2.3550370000009480E-003   1.1304029999976706E-003   7.3300000025255940E-007   0.0000000000000000        0.0000000000000000        0.0000000000000000     
   0.0000000000000000        4.8953699999998435E-004   1.9704669999995872E-003   1.0706640000037737E-003   6.3100000602389628E-007   0.0000000000000000        0.0000000000000000        0.0000000000000000     
   1.1200000216149419E-007   4.8390300000278330E-004   2.3442279999983384E-003   1.1209900000039852E-003   7.5500000207284756E-007   0.0000000000000000        0.0000000000000000        0.0000000000000000     
   0.0000000000000000        6.1200500000069269E-004   2.1233330000001160E-003   1.0542280000009896E-003   8.1200000323633503E-007   0.0000000000000000        0.0000000000000000        0.0000000000000000     
   1.1200000216149419E-007   4.8886999999808722E-004   2.3699790000009102E-003   1.0933770000036702E-003   7.2699999975611718E-007   0.0000000000000000        0.0000000000000000        0.0000000000000000     
   0.0000000000000000        7.2257300000444502E-004   2.8533609999996656E-003   1.0739629999960698E-003   1.2880000070936148E-006   0.0000000000000000        0.0000000000000000        0.0000000000000000     
   1.1200000216149419E-007   4.9475099999796157E-004   2.3517200000000571E-003   1.0715969999992581E-003   1.0080000052425930E-006   0.0000000000000000        0.0000000000000000        0.0000000000000000     
   0.0000000000000000        4.6686900000025844E-004   1.9599150000004784E-003   1.0284279999979162E-003   8.5499999613602995E-007   0.0000000000000000        0.0000000000000000        0.0000000000000000     
   1.1100000563146750E-007   4.7100799999810761E-004   2.3215510000014206E-003   1.0393539999995483E-003   7.9000000141604687E-007   0.0000000000000000        0.0000000000000000        0.0000000000000000     
   0.0000000000000000        4.7607499999458014E-004   1.9289330000020755E-003   9.9738700000528979E-004   7.5500000207284756E-007   0.0000000000000000        0.0000000000000000        0.0000000000000000     
   1.3999999737279722E-007   7.3473199999796179E-004   2.6394820000064101E-003   1.0408609999998930E-003   1.1189999966632058E-006   0.0000000000000000        0.0000000000000000        0.0000000000000000     
   0.0000000000000000        5.8337600000157863E-004   2.2788149999968255E-003   1.0765190000014968E-003   6.5399999726878377E-007   0.0000000000000000        0.0000000000000000        0.0000000000000000     
   1.1400000232697494E-007   4.8268400000495149E-004   2.3645400000020800E-003   1.1030539999978828E-003   6.5199999710330303E-007   0.0000000000000000        0.0000000000000000        0.0000000000000000     
   0.0000000000000000        5.0997900000027130E-004   1.9856520000018918E-003   1.0408150000031924E-003   7.1800000256416752E-007   0.0000000000000000        0.0000000000000000        0.0000000000000000     
   1.1799999555250906E-007   7.0597799999916333E-004   2.5618450000024495E-003   1.0940889999986325E-003   7.0999999479681719E-007   0.0000000000000000        0.0000000000000000        0.0000000000000000     
   0.0000000000000000        4.6579600000029586E-004   1.9403159999953346E-003   1.0048980000050278E-003   9.7299999879396637E-007   0.0000000000000000        0.0000000000000000        0.0000000000000000     
   1.1299999869152089E-007   4.6412900000092350E-004   2.3332840000023225E-003   1.0325949999980821E-003   1.1790000016276281E-006   0.0000000000000000        0.0000000000000000        0.0000000000000000     
   0.0000000000000000        7.3907200000178364E-004   2.3067260000004808E-003   1.0631660000015586E-003   9.1500000110045221E-007   0.0000000000000000        0.0000000000000000        0.0000000000000000     
   1.1099999852604014E-007   4.6453099999865799E-004   2.3190180000014493E-003   1.0792530000003353E-003   1.1229999969941673E-006   0.0000000000000000        0.0000000000000000        0.0000000000000000     
   0.0000000000000000        4.9357099999980392E-004   1.9880749999998670E-003   1.0474400000006767E-003   6.4900000040779560E-007   0.0000000000000000        0.0000000000000000        0.0000000000000000     
   1.1099999852604014E-007   4.8138100000016948E-004   2.3297549999981015E-003   1.0434399999965649E-003   7.9600000191248910E-007   0.0000000000000000        0.0000000000000000        0.0000000000000000     
   0.0000000000000000        4.6364299999623881E-004   1.9220299999958002E-003   9.9233500000650565E-004   7.9000000141604687E-007   0.0000000000000000        0.0000000000000000        0.0000000000000000     
   1.1599999538702832E-007   4.7878500000564372E-004   2.3564019999966490E-003   1.0964299999969285E-003   1.0449999976458457E-006   0.0000000000000000        0.0000000000000000        0.0000000000000000     
   0.0000000000000000        4.5799099999754844E-004   1.9160380000045052E-003   1.0220730000014555E-003   7.2099999925967495E-007   0.0000000000000000        0.0000000000000000        0.0000000000000000     
   1.1099999852604014E-007   4.8669299999914983E-004   2.3263530000008359E-003   1.0396039999989171E-003   7.4200000454993642E-007   0.0000000000000000        0.0000000000000000        0.0000000000000000     
   0.0000000000000000        4.7090700000040897E-004   1.9681409999989796E-003   1.0113040000021556E-003   6.5999999776522600E-007   0.0000000000000000        0.0000000000000000        0.0000000000000000     
   1.1099999852604014E-007   4.6365900000466809E-004   2.3483929999983388E-003   1.1697730000008733E-003   7.4600000488089790E-007   0.0000000000000000        0.0000000000000000        0.0000000000000000     
   0.0000000000000000        4.7705699999767148E-004   1.9361279999969838E-003   1.0027370000003089E-003   7.8200000075412390E-007   0.0000000000000000        0.0000000000000000        0.0000000000000000     
   1.1099999852604014E-007   4.7800899999828061E-004   2.3374479999986875E-003   1.1294179999978837E-003   7.4399999760998980E-007   0.0000000000000000        0.0000000000000000        0.0000000000000000     
   0.0000000000000000        4.5720699999662884E-004   1.9148829999977579E-003   9.9788200000006100E-004   7.3799999711354758E-007   0.0000000000000000        0.0000000000000000        0.0000000000000000     
   1.1200000216149419E-007   4.7846199999668215E-004   2.3396360000020877E-003   1.0790420000006407E-003   7.8199999364869655E-007   0.0000000000000000        0.0000000000000000        0.0000000000000000     
   0.0000000000000000        4.9209299999830591E-004   2.0049379999989014E-003   1.0402589999998213E-003   7.5600000570830161E-007   0.0000000000000000        0.0000000000000000        0.0000000000000000     
   1.1000000199601345E-007   5.0566800000240164E-004   2.3331740000003265E-003   9.9818199999646140E-004   6.7099999512265640E-007   0.0000000000000000        0.0000000000000000        0.0000000000000000     
   0.0000000000000000        6.4287400000040407E-004   2.4185430000045471E-003   1.0894690000000651E-003   8.4300000224857286E-007   0.0000000000000000        0.0000000000000000        0.0000000000000000     
   1.1800000265793642E-007   4.9809099999720274E-004   2.3577680000030909E-003   1.0451679999974317E-003   7.2699999975611718E-007   0.0000000000000000        0.0000000000000000        0.0000000000000000     
   0.0000000000000000        4.5633799999933444E-004   1.9331519999994384E-003   1.0454700000011030E-003   8.2300000059376544E-007   0.0000000000000000        0.0000000000000000        0.0000000000000000     
   1.1100000563146750E-007   5.1433699999847704E-004   2.3646269999986202E-003   1.0679350000017962E-003   1.0420000009503383E-006   0.0000000000000000        0.0000000000000000        0.0000000000000000     
   0.0000000000000000        4.7839900000212765E-004   2.0152610000039317E-003   1.0174169999999094E-003   7.6999999976123945E-007   0.0000000000000000        0.0000000000000000        0.0000000000000000     
   1.0899999836055940E-007   4.7248300000291010E-004   2.3533909999997604E-003   1.1006579999985888E-003   7.3100000008707866E-007   0.0000000000000000        0.0000000000000000        0.0000000000000000     
   0.0000000000000000        5.6882100000166247E-004   2.3278250000018375E-003   1.0469580000034284E-003   6.7799999925455268E-007   0.0000000000000000        0.0000000000000000        0.0000000000000000     
   1.3800000431274384E-007   5.0368900000563599E-004   2.3412980000045991E-003   1.0278370000023074E-003   7.1600000239868677E-007   0.0000000000000000        0.0000000000000000        0.0000000000000000     
   0.0000000000000000        4.9017699998898934E-004   2.0870569999971167E-003   1.0677100000009432E-003   7.6499999579482392E-007   0.0000000000000000        0.0000000000000000        0.0000000000000000     
   1.1600000959788304E-007   5.1209299999754876E-004   2.3527160000043068E-003   1.0695539999971970E-003   7.6499999579482392E-007   0.0000000000000000        0.0000000000000000        0.0000000000000000     
   0.0000000000000000        4.8255900000526708E-004   1.9549029999978984E-003   1.0380239999960850E-003   7.7099998918583879E-007   0.0000000000000000        0.0000000000000000        0.0000000000000000     
   1.1299999869152089E-007   4.6892299999967690E-004   2.3324659999985897E-003   1.0920619999978953E-003   1.3519999981781439E-006   0.0000000000000000        0.0000000000000000        0.0000000000000000     
   0.0000000000000000        5.0815899999179237E-004   2.1015559999995048E-003   1.0403959999933932E-003   1.4979999889419560E-006   0.0000000000000000        0.0000000000000000        0.0000000000000000     
   1.0700000530050602E-007   4.6252899998933117E-004   2.3203020000011065E-003   1.0345129999933533E-003   7.6099999546386243E-007   0.0000000000000000        0.0000000000000000        0.0000000000000000     
   0.0000000000000000        4.6748700000875942E-004   1.9259550000043646E-003   1.0294740000063030E-003   7.0100000471029489E-007   0.0000000000000000        0.0000000000000000        0.0000000000000000     
   1.1200000926692155E-007   5.0480800000229920E-004   2.3686099999906673E-003   1.1164950000051022E-003   7.7500000372765498E-007   0.0000000000000000        0.0000000000000000        0.0000000000000000     
   0.0000000000000000        4.9900500000887860E-004   1.9881860000054985E-003   1.0385100000007697E-003   7.3100000008707866E-007   0.0000000000000000        0.0000000000000000        0.0000000000000000     
   1.0899999836055940E-007   5.0042099999814127E-004   2.3480199999994511E-003   1.1102819999990743E-003   7.3500000041804014E-007   0.0000000000000000        0.0000000000000000        0.0000000000000000     
   0.0000000000000000        4.7625100000914244E-004   1.9946400000065978E-003   1.2341970000022684E-003   7.7100000339669350E-007   0.0000000000000000        0.0000000000000000        0.0000000000000000     
   1.2000000992884452E-007   4.9077500000294094E-004   2.3591850000030945E-003   1.0407479999940961E-003   7.0199999413489422E-007   0.0000000000000000        0.0000000000000000        0.0000000000000000     
   0.0000000000000000        5.8219000000292453E-004   1.9439090000048509E-003   1.0589949999939563E-003   8.0599998852903809E-007   0.0000000000000000        0.0000000000000000        0.0000000000000000     
   3.2700000929253292E-007   4.8600699999212793E-004   2.3649339999991525E-003   1.0920389999995450E-003   7.0800000173676381E-007   0.0000000000000000        0.0000000000000000        0.0000000000000000     
   0.0000000000000000        4.9072699999896940E-004   1.9223039999900493E-003   1.0519220000020368E-003   7.7999999348321580E-007   0.0000000000000000        0.0000000000000000        0.0000000000000000     
   1.1800000265793642E-007   4.9183699999844066E-004   2.3830009999983304E-003   1.0416370000001507E-003   7.3600000405349419E-007   0.0000000000000000        0.0000000000000000        0.0000000000000000     
   0.0000000000000000        4.7012499999254942E-004   1.9317839999928310E-003   1.0212939999973969E-003   6.3799998883951048E-007   0.0000000000000000        0.0000000000000000        0.0000000000000000     
   1.0799999472510535E-007   4.8055400000635018E-004   2.4089420000024120E-003   1.0956739999983256E-003   8.0000000934887794E-007   0.0000000000000000        0.0000000000000000        0.0000000000000000     
   0.0000000000000000        4.8394200000245746E-004   1.9701709999964123E-003   1.0089120000031926E-003   7.5799999876835500E-007   0.0000000000000000        0.0000000000000000        0.0000000000000000     
   1.1199999505606684E-007   4.7533999999416210E-004   2.3759050000080606E-003   1.0820239999986825E-003   1.1300000011260636E-006   0.0000000000000000        0.0000000000000000        0.0000000000000000     
   0.0000000000000000        5.4536500000779142E-004   2.0269179999985454E-003   1.0020309999987376E-003   9.0399998953216709E-007   0.0000000000000000        0.0000000000000000        0.0000000000000000     
   1.1000000199601345E-007   4.6050900000693673E-004   2.2987130000018396E-003   1.0339239999979100E-003   4.9999999873762135E-007   0.0000000000000000        0.0000000000000000        0.0000000000000000     
   0.0000000000000000        4.9083499999369451E-004   2.0078530000091632E-003   1.0717819999968015E-003   8.1599999646186916E-007   0.0000000000000000        0.0000000000000000        0.0000000000000000     
   1.0899999836055940E-007   4.8363500000903059E-004   2.3277559999996811E-003   1.0249119999912182E-003   1.0329999895475339E-006   0.0000000000000000        0.0000000000000000        0.0000000000000000     
   0.0000000000000000        4.6017399999698227E-004   1.9356100000038623E-003   1.0397709999949711E-003   6.9600000074387935E-007   0.0000000000000000        0.0000000000000000        0.0000000000000000     
   2.1500000002561137E-007   4.8794299999599389E-004   2.3693380000082698E-003   1.0861629999965317E-003   7.2800000339157123E-007   0.0000000000000000        0.0000000000000000        0.0000000000000000     
   0.0000000000000000        4.5607100000211176E-004   1.9231210000043575E-003   1.0259499999989430E-003   7.6199999909931648E-007   0.0000000000000000        0.0000000000000000        0.0000000000000000     
   1.1199999505606684E-007   4.9972299999012648E-004   2.3665920000013330E-003   1.0900740000039377E-003   1.3679999995019898E-006   0.0000000000000000        0.0000000000000000        0.0000000000000000     
   0.0000000000000000        5.6240199999990637E-004   2.0795349999929158E-003   1.0667560000001686E-003   8.1599999646186916E-007   0.0000000000000000        0.0000000000000000        0.0000000000000000     
   1.2099999935344385E-007   4.6477000000777480E-004   2.3373380000037969E-003   1.0692289999951754E-003   9.5699999747012043E-007   0.0000000000000000        0.0000000000000000        0.0000000000000000     
   0.0000000000000000        4.7289799999816751E-004   1.9445470000079013E-003   1.0178299999950013E-003   1.3149999915640365E-006   0.0000000000000000        0.0000000000000000        0.0000000000000000     
   1.2200000298889790E-007   4.8949099999617829E-004   2.3558609999980717E-003   1.0262030000092182E-003   7.5299999480193947E-007   0.0000000000000000        0.0000000000000000        0.0000000000000000     
   0.0000000000000000        4.7261999999648197E-004   1.9263589999951591E-003   1.0210239999963733E-003   8.4500000241405360E-007   0.0000000000000000        0.0000000000000000        0.0000000000000000     
   1.3500000761723641E-007   5.1860499999634158E-004   2.3641070000053332E-003   1.1199710000084906E-003   7.0699999810130976E-007   0.0000000000000000        0.0000000000000000        0.0000000000000000     
   0.0000000000000000        4.7613899999987552E-004   1.9853080000018508E-003   1.0712490000059915E-003   9.5499999019921233E-007   0.0000000000000000        0.0000000000000000        0.0000000000000000     
   1.0899999836055940E-007   4.7809100000506533E-004   2.3348470000001953E-003   1.0744170000123177E-003   6.8499998917559424E-007   0.0000000000000000        0.0000000000000000        0.0000000000000000     
   0.0000000000000000        4.7070800000881263E-004   1.9778089999960002E-003   9.9391299998785598E-004   7.0000000107484084E-007   0.0000000000000000        0.0000000000000000        0.0000000000000000     
   1.1099999142061279E-007   4.8756300000718511E-004   2.3352390000042078E-003   1.0508860000015829E-003   8.2299999348833808E-007   0.0000000000000000        0.0000000000000000        0.0000000000000000     
   0.0000000000000000        4.6899799998811886E-004   1.8883470000048419E-003   9.4077800000036405E-004   6.9800000801478745E-007   0.0000000000000000        0.0000000000000000        0.0000000000000000     
   1.0899999836055940E-007   4.9133900000697395E-004   2.3543210000127601E-003   1.0821820000046500E-003   8.9300000638559140E-007   0.0000000000000000        0.0000000000000000        0.0000000000000000     
   0.0000000000000000        4.8074000000042361E-004   1.9554759999920179E-003   1.1890219999912688E-003   7.9400000174700835E-007   0.0000000000000000        0.0000000000000000        0.0000000000000000     
   1.1000000199601345E-007   4.7088400000916408E-004   2.3377119999992146E-003   1.0393589999893038E-003   7.5100000174188608E-007   0.0000000000000000        0.0000000000000000        0.0000000000000000     
   0.0000000000000000        4.6384799999543702E-004   1.9729050000023562E-003   9.9949199999116445E-004   6.7699998851367127E-007   0.0000000000000000        0.0000000000000000        0.0000000000000000     
   1.1200000926692155E-007   5.0937900000747049E-004   2.3429080000028080E-003   1.0463840000056734E-003   7.6099999546386243E-007   0.0000000000000000        0.0000000000000000        0.0000000000000000     
   0.0000000000000000        4.6928600001194809E-004   1.9454149999944548E-003   1.0301290000001018E-003   7.7199999282129284E-007   0.0000000000000000        0.0000000000000000        0.0000000000000000     
   1.5700000233209721E-007   5.4836500000021715E-004   2.3571389999972325E-003   1.0887219999915487E-003   8.3400000505662319E-007   0.0000000000000000        0.0000000000000000        0.0000000000000000     
   0.0000000000000000        4.9943199999802346E-004   1.9250060000075564E-003   1.0563039999880175E-003   7.6199999909931648E-007   0.0000000000000000        0.0000000000000000        0.0000000000000000     
   1.1299999869152089E-007   4.7223299999643586E-004   2.3269870000035553E-003   1.0662130000014258E-003   6.9300000404837192E-007   0.0000000000000000        0.0000000000000000        0.0000000000000000     
   0.0000000000000000        5.2319299999226132E-004   1.9856210000028796E-003   1.0236239999983354E-003   8.1800000373277726E-007   0.0000000000000000        0.0000000000000000        0.0000000000000000     
   1.2800001059076749E-007   5.9918200000197430E-004   2.4840609999898788E-003   1.0769419999974161E-003   4.7700000038730650E-007   0.0000000000000000        0.0000000000000000        0.0000000000000000     
   0.0000000000000000        5.0035499999978583E-004   2.0791799999955174E-003   1.0968859999991309E-003   7.6899999612578540E-007   0.0000000000000000        0.0000000000000000        0.0000000000000000     
   1.1000000199601345E-007   4.6639999999342763E-004   2.3316799999975046E-003   1.0635360000037508E-003   6.9499999710842530E-007   0.0000000000000000        0.0000000000000000        0.0000000000000000     
   0.0000000000000000        5.0227600000596340E-004   2.1188819999906627E-003   1.0358880000040926E-003   8.2299999348833808E-007   0.0000000000000000        0.0000000000000000        0.0000000000000000     
   3.5499999739840860E-007   7.3691699999756111E-004   3.0835670000044502E-003   1.1722200000008343E-003   1.0010000011106968E-006   0.0000000000000000        0.0000000000000000        0.0000000000000000     
   0.0000000000000000        4.9052800000026764E-004   1.9465029999992112E-003   1.0218710000060582E-003   5.5000000998006726E-007   0.0000000000000000        0.0000000000000000        0.0000000000000000     
   1.1500000596242899E-007   4.8517999999830863E-004   2.3544259999965789E-003   1.1339529999929709E-003   7.5299999480193947E-007   0.0000000000000000        0.0000000000000000        0.0000000000000000     
   0.0000000000000000        4.7509600000239516E-004   1.9382549999988896E-003   1.0290620000006356E-003   8.2300000769919279E-007   0.0000000000000000        0.0000000000000000        0.0000000000000000     
   1.1299999869152089E-007   4.9751900000671867E-004   2.3172180000017306E-003   1.0290829999917150E-003   7.0799998752590909E-007   0.0000000000000000        0.0000000000000000        0.0000000000000000     
   0.0000000000000000        5.1354200000730543E-004   2.0739569999932428E-003   1.0339279999982409E-003   7.9900000571342389E-007   0.0000000000000000        0.0000000000000000        0.0000000000000000     
   1.1699999902248237E-007   4.7366700000850415E-004   2.3410640000065541E-003   1.0635020000080431E-003   8.0399999546898471E-007   0.0000000000000000        0.0000000000000000        0.0000000000000000     
   0.0000000000000000        4.6117800000899933E-004   1.9368099999894639E-003   1.0197200000021667E-003   7.2100000636510231E-007   0.0000000000000000        0.0000000000000000        0.0000000000000000     
