   1.1600000249245568E-007   5.8077999999994745E-004   2.5039189999986888E-003   1.0985988170000027        3.5000000053742042E-007   0.0000000000000000        0.0000000000000000        0.0000000000000000     
   0.0000000000000000        7.5076099999904500E-004   2.5236429999964116E-003  0.96228204599999856        5.4199999510728958E-007   0.0000000000000000        0.0000000000000000        0.0000000000000000     
   1.3999999737279722E-007   5.5426300000505080E-004   2.4255040000014105E-003   1.1115916150000018        3.4199999987549745E-007   0.0000000000000000        0.0000000000000000        0.0000000000000000     
   0.0000000000000000        9.0695800000162308E-004   2.9544320000027824E-003  0.92878898800000087        3.8199999607968493E-007   0.0000000000000000        0.0000000000000000        0.0000000000000000     
   1.2900000001536682E-007   5.2798599999448470E-004   2.3727339999979336E-003   1.0992761039999976        1.1870000001579228E-005   0.0000000000000000        0.0000000000000000        0.0000000000000000     
   0.0000000000000000        1.4039100000005078E-003   2.2463769999987449E-003  0.93393769900000478        7.7499999662222763E-007   0.0000000000000000        0.0000000000000000        0.0000000000000000     
   1.3100000018084756E-007   5.5987799999712706E-004   2.5348910000033698E-003   1.1010808740000044        5.4199999510728958E-007   0.0000000000000000        0.0000000000000000        0.0000000000000000     
   0.0000000000000000        7.6956600000244180E-004   2.8745420000007016E-003  0.93009650299999436        5.5499999973562808E-007   0.0000000000000000        0.0000000000000000        0.0000000000000000     
   1.2099999935344385E-007   5.6151699999418270E-004   2.4386110000023109E-003   1.1079489669999987        6.7399999892359119E-007   0.0000000000000000        0.0000000000000000        0.0000000000000000     
   0.0000000000000000        6.1120200000175373E-004   2.5500550000003841E-003  0.95680061099999847        5.3299999791533992E-007   0.0000000000000000        0.0000000000000000        0.0000000000000000     
   1.3999999737279722E-007   5.5120500000072070E-004   2.4310359999972775E-003   1.1050928149999990        4.4400000120958794E-007   0.0000000000000000        0.0000000000000000        0.0000000000000000     
   0.0000000000000000        6.7269600000230412E-004   2.3226420000028725E-003  0.93648094099999923        3.8400000335059303E-007   0.0000000000000000        0.0000000000000000        0.0000000000000000     
   1.1299999869152089E-007   5.4499099999816281E-004   2.4342270000019539E-003   1.1015221500000010        6.4000000321584594E-007   0.0000000000000000        0.0000000000000000        0.0000000000000000     
   0.0000000000000000        5.5348299999735673E-004   2.2721059999994964E-003  0.92908983099999887        5.2099999692245547E-007   0.0000000000000000        0.0000000000000000        0.0000000000000000     
   1.1199999505606684E-007   5.7917299999843408E-004   2.4967709999970111E-003   1.1072860709999972        7.3799999711354758E-007   0.0000000000000000        0.0000000000000000        0.0000000000000000     
   0.0000000000000000        6.1629000000351652E-004   2.3128309999975727E-003  0.93276609200000138        4.3700000418311902E-007   0.0000000000000000        0.0000000000000000        0.0000000000000000     
   1.1199999505606684E-007   5.2643499999760479E-004   2.4459810000010407E-003   1.1006525470000028        8.7899999812179885E-007   0.0000000000000000        0.0000000000000000        0.0000000000000000     
   0.0000000000000000        5.5733800000012934E-004   2.2733640000041078E-003  0.92691802599999562        6.9900000454481415E-007   0.0000000000000000        0.0000000000000000        0.0000000000000000     
   1.1499999885700163E-007   5.7115199999913102E-004   2.5145890000004556E-003   1.0995851469999991        5.6200000386752436E-007   0.0000000000000000        0.0000000000000000        0.0000000000000000     
   0.0000000000000000        5.6187299999521656E-004   2.3030750000003763E-003  0.96246980499999779        3.4299999640552414E-007   0.0000000000000000        0.0000000000000000        0.0000000000000000     
   1.4399999770375871E-007   5.7272899999816218E-004   2.5111949999967464E-003   1.1026537820000044        5.3400000865622133E-007   0.0000000000000000        0.0000000000000000        0.0000000000000000     
   0.0000000000000000        5.8241899999700308E-004   2.4410409999973126E-003  0.92976468200001250        4.7899999344735988E-007   0.0000000000000000        0.0000000000000000        0.0000000000000000     
   1.1699999902248237E-007   5.2489200000138680E-004   2.3997979999990093E-003   1.1008676130000055        5.3699999114087404E-007   0.0000000000000000        0.0000000000000000        0.0000000000000000     
   0.0000000000000000        5.9766600000443759E-004   2.3587799999944536E-003  0.94014128500000993        3.5200000070290116E-007   0.0000000000000000        0.0000000000000000        0.0000000000000000     
   1.1999999571798980E-007   5.3297300000565428E-004   2.4540459999968789E-003   1.0997396009999960        5.5199998882926593E-007   0.0000000000000000        0.0000000000000000        0.0000000000000000     
   0.0000000000000000        5.4862300000024788E-004   2.3250349999983655E-003  0.95283606800001053        4.2700000335571531E-007   0.0000000000000000        0.0000000000000000        0.0000000000000000     
   1.3400000398178236E-007   5.2958099999500519E-004   2.3925840000060816E-003   1.1052964229999986        3.4900000400739373E-007   0.0000000000000000        0.0000000000000000        0.0000000000000000     
   0.0000000000000000        5.8338700000604149E-004   2.4096230000054675E-003  0.92902908299998899        5.6300000039755105E-007   0.0000000000000000        0.0000000000000000        0.0000000000000000     
   1.1199999505606684E-007   5.4926100000329825E-004   2.4292749999972330E-003   1.1027555010000043        5.7100000105947402E-007   0.0000000000000000        0.0000000000000000        0.0000000000000000     
   0.0000000000000000        5.7572200000777229E-004   2.3023060000042506E-003  0.93852505699999256        5.3400000865622133E-007   0.0000000000000000        0.0000000000000000        0.0000000000000000     
   1.3700000067728979E-007   5.3569099999606351E-004   2.4505889999915098E-003   1.0965686880000050        5.4699999907370511E-007   0.0000000000000000        0.0000000000000000        0.0000000000000000     
   0.0000000000000000        5.3686500000083015E-004   2.2849420000028431E-003  0.92422810499999741        4.6600000302987610E-007   0.0000000000000000        0.0000000000000000        0.0000000000000000     
   1.1600000959788304E-007   5.4599400000654441E-004   2.4201399999981277E-003   1.1088406259999886        8.4900000274501508E-007   0.0000000000000000        0.0000000000000000        0.0000000000000000     
   0.0000000000000000        5.7006800000181101E-004   2.2689179999986209E-003  0.94418349200000762        3.5200000070290116E-007   0.0000000000000000        0.0000000000000000        0.0000000000000000     
   1.1400000232697494E-007   5.4413899999872228E-004   2.4323739999942973E-003   1.1068389579999973        5.7100000105947402E-007   0.0000000000000000        0.0000000000000000        0.0000000000000000     
   0.0000000000000000        5.5423000000587308E-004   2.1899139999987938E-003  0.92417757999999139        5.5700000700653618E-007   0.0000000000000000        0.0000000000000000        0.0000000000000000     
   1.3499999340638169E-007   5.5430499999431504E-004   2.4370189999984859E-003   1.1043929589999948        3.7200000235770858E-007   0.0000000000000000        0.0000000000000000        0.0000000000000000     
   0.0000000000000000        6.1202799999193758E-004   2.5882690000003095E-003  0.92833156999999744        3.5300000433835521E-007   0.0000000000000000        0.0000000000000000        0.0000000000000000     
   1.2099999935344385E-007   5.3130599999917649E-004   2.3874940000041533E-003   1.1097590279999991        6.9300000404837192E-007   0.0000000000000000        0.0000000000000000        0.0000000000000000     
   0.0000000000000000        5.4971400000169979E-004   2.3121660000100519E-003  0.93084930199999860        9.7500000606487447E-007   0.0000000000000000        0.0000000000000000        0.0000000000000000     
   1.1699999902248237E-007   5.2911299999891526E-004   2.4415009999927406E-003   1.1040356839999959        5.5900000006658956E-007   0.0000000000000000        0.0000000000000000        0.0000000000000000     
   0.0000000000000000        5.4593500000521544E-004   2.2985640000001695E-003  0.95385875200000214        3.3999999971001671E-007   0.0000000000000000        0.0000000000000000        0.0000000000000000     
   1.5199999836568168E-007   5.8355899999185112E-004   2.5102379999992763E-003   1.1001518290000121        6.1400000106459629E-007   0.0000000000000000        0.0000000000000000        0.0000000000000000     
   0.0000000000000000        5.2081100000123115E-004   2.1560690000086424E-003  0.92539849400000662        8.4699999547410698E-007   0.0000000000000000        0.0000000000000000        0.0000000000000000     
   1.1000000199601345E-007   5.3887800000040897E-004   2.4489199999919720E-003   1.1069121700000011        5.6599999709305848E-007   0.0000000000000000        0.0000000000000000        0.0000000000000000     
   0.0000000000000000        5.8252400000924354E-004   2.4615540000070268E-003  0.92512717500000008        3.8299999971513898E-007   0.0000000000000000        0.0000000000000000        0.0000000000000000     
   1.1699999902248237E-007   5.3972599999951854E-004   2.4370569999945246E-003   1.1019698110000036        3.5000000764284778E-007   0.0000000000000000        0.0000000000000000        0.0000000000000000     
   0.0000000000000000        5.4333199999234694E-004   2.2919849999993858E-003  0.93983564399999864        4.5799998815709841E-007   0.0000000000000000        0.0000000000000000        0.0000000000000000     
   1.2499999968440534E-007   5.0638099999389397E-004   2.4062929999928429E-003   1.1068526869999999        6.7400000602901855E-007   0.0000000000000000        0.0000000000000000        0.0000000000000000     
   0.0000000000000000        5.4758599999615853E-004   2.2747720000069194E-003  0.94545670700000528        6.6100000140068005E-007   0.0000000000000000        0.0000000000000000        0.0000000000000000     
   1.1299999869152089E-007   5.6557299998871713E-004   2.5378769999946371E-003   1.1023161370000025        4.3699999707769166E-007   0.0000000000000000        0.0000000000000000        0.0000000000000000     
   0.0000000000000000        5.5528600000798178E-004   2.2869150000133232E-003  0.92358898999999894        3.7099999872225453E-007   0.0000000000000000        0.0000000000000000        0.0000000000000000     
   1.2900000001536682E-007   5.0747900000658319E-004   2.4131369999906838E-003   1.0998370110000053        4.3400000038218423E-007   0.0000000000000000        0.0000000000000000        0.0000000000000000     
   0.0000000000000000        5.4831399999955011E-004   2.1407949999883158E-003  0.94112028700000394        3.6800000202674710E-007   0.0000000000000000        0.0000000000000000        0.0000000000000000     
   1.1600000959788304E-007   5.4295900000056463E-004   2.4374329999972133E-003   1.0942151389999992        4.3900000434859976E-007   0.0000000000000000        0.0000000000000000        0.0000000000000000     
   0.0000000000000000        5.9194700000375633E-004   2.5405370000015637E-003  0.97918991999999605        3.6299999806033156E-007   0.0000000000000000        0.0000000000000000        0.0000000000000000     
   1.1800000265793642E-007   6.2796099999218313E-004   2.6999159999974154E-003   1.1018230419999924        4.5699999873249908E-007   0.0000000000000000        0.0000000000000000        0.0000000000000000     
   0.0000000000000000        6.6224800001180029E-004   2.7782680000001392E-003  0.93182953900000598        3.6599999475583900E-007   0.0000000000000000        0.0000000000000000        0.0000000000000000     
   1.1899999208253575E-007   5.5803800000830961E-004   2.4265260000078115E-003   1.1018530749999940        4.5600000930789975E-007   0.0000000000000000        0.0000000000000000        0.0000000000000000     
   0.0000000000000000        6.3871000000403910E-004   2.5490510000025779E-003  0.92469018500000288        3.4699999673648563E-007   0.0000000000000000        0.0000000000000000        0.0000000000000000     
   1.6599999241861951E-007   5.2077700000552340E-004   2.3887830000006716E-003   1.0983700799999951        8.3100000836111576E-007   0.0000000000000000        0.0000000000000000        0.0000000000000000     
   0.0000000000000000        5.4069400000855694E-004   2.2561700000096607E-003  0.94184391699999992        1.1733999997431965E-005   0.0000000000000000        0.0000000000000000        0.0000000000000000     
   4.5200000897693826E-007   1.3285950000039293E-003   2.3941999999976815E-003   1.0984994070000056        5.4100000568269024E-007   0.0000000000000000        0.0000000000000000        0.0000000000000000     
   0.0000000000000000        5.9547799999393192E-004   2.4588579999971216E-003  0.92518359400000350        3.5199998649204645E-007   0.0000000000000000        0.0000000000000000        0.0000000000000000     
   2.2600001159389649E-007   5.4312899999331421E-004   2.4434900000045445E-003   1.1051774849999987        5.3899999841178214E-007   0.0000000000000000        0.0000000000000000        0.0000000000000000     
   0.0000000000000000        5.5746300000691917E-004   2.3055709999937335E-003  0.93317297000000110        3.6699999839129305E-007   0.0000000000000000        0.0000000000000000        0.0000000000000000     
   1.1800000265793642E-007   5.2647100000058344E-004   2.3829850000112174E-003   1.1094419320000100        6.1800000139555777E-007   0.0000000000000000        0.0000000000000000        0.0000000000000000     
   0.0000000000000000        5.5132800000023963E-004   2.1307730000046377E-003  0.93534992100001091        5.9299998156348011E-007   0.0000000000000000        0.0000000000000000        0.0000000000000000     
   1.6600000662947423E-007   6.2551600001370389E-004   2.5071560000071713E-003   1.1091649500000074        8.3800000538758468E-007   0.0000000000000000        0.0000000000000000        0.0000000000000000     
   0.0000000000000000        5.4320299997812072E-004   2.2870870000133436E-003  0.93133360499999185        3.6000000136482413E-007   0.0000000000000000        0.0000000000000000        0.0000000000000000     
   1.3299998613547359E-007   5.6309400000031928E-004   2.5368720000074063E-003   1.1094146609999882        3.4700002515819506E-007   0.0000000000000000        0.0000000000000000        0.0000000000000000     
   0.0000000000000000        7.5200699998845266E-004   2.8152160000161075E-003  0.93520169199999259        3.6200000863573223E-007   0.0000000000000000        0.0000000000000000        0.0000000000000000     
   1.1500000596242899E-007   6.0086499999556509E-004   2.6112529999977596E-003   1.1492644550000080        5.0300002385483822E-007   0.0000000000000000        0.0000000000000000        0.0000000000000000     
   0.0000000000000000        5.5964300000255207E-004   2.3242350000032275E-003  0.93650494299998854        3.5499999739840860E-007   0.0000000000000000        0.0000000000000000        0.0000000000000000     
   1.1699998481162766E-007   5.5952100001377403E-004   2.3956940000005034E-003   1.1158887180000079        5.9500001725609764E-007   0.0000000000000000        0.0000000000000000        0.0000000000000000     
   0.0000000000000000        6.7834000000743799E-004   2.5532840000153101E-003  0.93711181199998350        5.9799998552989564E-007   0.0000000000000000        0.0000000000000000        0.0000000000000000     
   1.2000000992884452E-007   5.5300999997598410E-004   2.4484529999995175E-003   1.1130287500000122        3.4999999343199306E-007   0.0000000000000000        0.0000000000000000        0.0000000000000000     
   0.0000000000000000        6.3308699998287921E-004   2.5266979999969408E-003  0.93467617999999675        3.6599999475583900E-007   0.0000000000000000        0.0000000000000000        0.0000000000000000     
   1.4099998679739656E-007   5.4271700000185774E-004   2.4424080000073900E-003   1.1049304860000007        3.5600001524471736E-007   0.0000000000000000        0.0000000000000000        0.0000000000000000     
   0.0000000000000000        8.6642200000142111E-004   2.6634390000026542E-003  0.93105454100000884        6.9800000801478745E-007   0.0000000000000000        0.0000000000000000        0.0000000000000000     
   1.5399999142573506E-007   5.3015500000697102E-004   2.3935380000068562E-003   1.1069774469999913        7.0099997628858546E-007   0.0000000000000000        0.0000000000000000        0.0000000000000000     
   0.0000000000000000        7.9160600000705017E-004   3.1132919999947717E-003  0.93297745699999268        4.3499997559592884E-007   0.0000000000000000        0.0000000000000000        0.0000000000000000     
   1.5499998085033440E-007   6.4385800001787175E-004   2.4028740000119342E-003   1.1146205090000194        4.4500001195046934E-007   0.0000000000000000        0.0000000000000000        0.0000000000000000     
   0.0000000000000000        8.0003400000805414E-004   2.3185740000144506E-003  0.93577952400002573        5.4699998486285040E-007   0.0000000000000000        0.0000000000000000        0.0000000000000000     
   1.2499998547355062E-007   5.3887300001065341E-004   2.4633749999907195E-003   1.1050745160000019        3.5599998682300793E-007   0.0000000000000000        0.0000000000000000        0.0000000000000000     
   0.0000000000000000        6.1756999997442108E-004   2.5442299999838269E-003  0.95912132700001962        3.5200000070290116E-007   0.0000000000000000        0.0000000000000000        0.0000000000000000     
   1.3199999671087426E-007   5.2749400001061986E-004   2.3919109999894772E-003   1.1124799239999845        4.4099999740865314E-007   0.0000000000000000        0.0000000000000000        0.0000000000000000     
   0.0000000000000000        7.5471899998547087E-004   2.9663299999924675E-003  0.94184395400000653        4.2499999608480721E-007   0.0000000000000000        0.0000000000000000        0.0000000000000000     
   1.1200000926692155E-007   5.3020499998979176E-004   2.3884230000135176E-003   1.1090377630000035        7.9399998753615364E-007   0.0000000000000000        0.0000000000000000        0.0000000000000000     
   0.0000000000000000        6.6162599998165206E-004   2.5914390000139065E-003  0.93923009700000648        3.6700001260214776E-007   0.0000000000000000        0.0000000000000000        0.0000000000000000     
   1.1500000596242899E-007   5.6102499999610700E-004   2.5213590000134900E-003   1.1093783450000103        3.8200002450139436E-007   0.0000000000000000        0.0000000000000000        0.0000000000000000     
   0.0000000000000000        7.0755200002281526E-004   2.6960110000118220E-003  0.96074254999999198        3.7300000599316263E-007   0.0000000000000000        0.0000000000000000        0.0000000000000000     
   1.2000000992884452E-007   5.3149800001506264E-004   2.3971800000026633E-003   1.1113822300000038        5.2599997957258893E-007   0.0000000000000000        0.0000000000000000        0.0000000000000000     
   0.0000000000000000        8.9168499999914275E-004   3.0057870000064213E-003   1.0145363919999966        3.8499999277519237E-007   0.0000000000000000        0.0000000000000000        0.0000000000000000     
   1.3700000067728979E-007   6.7816500001072200E-004   2.6939240000274367E-003   1.1142027809999888        3.6700001260214776E-007   0.0000000000000000        0.0000000000000000        0.0000000000000000     
   0.0000000000000000        6.7605399999592919E-004   2.5367429999789692E-003  0.93501720900002283        4.5100000534148421E-007   0.0000000000000000        0.0000000000000000        0.0000000000000000     
   1.2199998877804319E-007   5.6230700002402045E-004   2.5404229999992367E-003   1.1089411019999886        3.7099999872225453E-007   0.0000000000000000        0.0000000000000000        0.0000000000000000     
   0.0000000000000000        6.4866299999266630E-004   2.5793290000137858E-003  0.94482543899999882        6.9600000074387935E-007   0.0000000000000000        0.0000000000000000        0.0000000000000000     
   1.1599999538702832E-007   5.6714999999485372E-004   2.3951009999905182E-003   1.1160095620000163        3.6800000202674710E-007   0.0000000000000000        0.0000000000000000        0.0000000000000000     
   0.0000000000000000        6.4722500002289962E-004   2.6614450000010947E-003  0.93984913500000289        1.2032999990196913E-005   0.0000000000000000        0.0000000000000000        0.0000000000000000     
   1.1800000265793642E-007   1.3764020000053279E-003   2.4914839999894411E-003   1.1137744019999900        4.4499998352875991E-007   0.0000000000000000        0.0000000000000000        0.0000000000000000     
   0.0000000000000000        9.3865799999548472E-004   2.9932790000088971E-003  0.94146792299997628        5.0900001724585309E-007   0.0000000000000000        0.0000000000000000        0.0000000000000000     
   1.2299997820264252E-007   5.3969799998299095E-004   2.4179830000150559E-003   1.1150628590000053        4.4399999410416058E-007   0.0000000000000000        0.0000000000000000        0.0000000000000000     
   0.0000000000000000        6.1920800001757925E-004   2.5606419999917307E-003  0.93812268799999288        6.2399999478657264E-007   0.0000000000000000        0.0000000000000000        0.0000000000000000     
   1.3799999010188913E-007   5.5742199998576325E-004   2.4155039999982364E-003   1.1210820409999940        4.6400000996982271E-007   0.0000000000000000        0.0000000000000000        0.0000000000000000     
   0.0000000000000000        5.9197900000640402E-004   2.4614650000103211E-003  0.93507790399999635        4.4899999807057611E-007   0.0000000000000000        0.0000000000000000        0.0000000000000000     
   1.2900000001536682E-007   5.6690900001399314E-004   2.4924479999981486E-003   1.1135060590000023        3.6299999806033156E-007   0.0000000000000000        0.0000000000000000        0.0000000000000000     
   0.0000000000000000        5.6651400001328511E-004   2.3115569999845320E-003  0.93389038800000890        3.6600002317754843E-007   0.0000000000000000        0.0000000000000000        0.0000000000000000     
   1.5299997357942630E-007   5.1925699997923402E-004   2.4142130000086581E-003   1.1144133040000099        3.7300000599316263E-007   0.0000000000000000        0.0000000000000000        0.0000000000000000     
   0.0000000000000000        6.0494800001720250E-004   2.5321560000008958E-003  0.94204494799998884        6.5000000404324965E-007   0.0000000000000000        0.0000000000000000        0.0000000000000000     
   1.8000000068241206E-007   5.7189599999674101E-004   2.5152639999816984E-003   1.1120152890000270        3.7800000995957816E-007   0.0000000000000000        0.0000000000000000        0.0000000000000000     
   0.0000000000000000        5.4778000000510474E-004   2.1464579999985745E-003  0.95671857599998589        3.8100000665508560E-007   0.0000000000000000        0.0000000000000000        0.0000000000000000     
   1.2799998216905806E-007   6.1329099997919911E-004   2.5898380000057841E-003   1.1146705869999778        3.6399998748493090E-007   0.0000000000000000        0.0000000000000000        0.0000000000000000     
   0.0000000000000000        5.7973600002014791E-004   2.4534620000054019E-003  0.94027800300000308        3.6899999145134643E-007   0.0000000000000000        0.0000000000000000        0.0000000000000000     
   1.1500000596242899E-007   5.4540499999689018E-004   2.4386489999983496E-003   1.1141957650000052        7.3399999678258609E-007   0.0000000000000000        0.0000000000000000        0.0000000000000000     
   0.0000000000000000        5.8914000001664135E-004   2.4108099999864407E-003  0.94441936000001192        5.5199998882926593E-007   0.0000000000000000        0.0000000000000000        0.0000000000000000     
   1.2200001719975262E-007   5.3180300000121861E-004   2.4465239999926780E-003   1.1130284689999996        4.3800000071314571E-007   0.0000000000000000        0.0000000000000000        0.0000000000000000     
   0.0000000000000000        6.0621899999091511E-004   2.4411029999953371E-003  0.94264190100000178        3.6500000533123966E-007   0.0000000000000000        0.0000000000000000        0.0000000000000000     
   1.3299998613547359E-007   5.1406700001166428E-004   2.3928660000080981E-003   1.1165981799999827        3.6699998418043833E-007   0.0000000000000000        0.0000000000000000        0.0000000000000000     
   0.0000000000000000        7.5265500001364671E-004   3.0805940000107057E-003  0.94673777599999198        3.5700000466931670E-007   0.0000000000000000        0.0000000000000000        0.0000000000000000     
   1.1900002050424519E-007   5.1478199998200580E-004   2.4216999999850941E-003   1.1148792640000238        4.6399998154811328E-007   0.0000000000000000        0.0000000000000000        0.0000000000000000     
   0.0000000000000000        6.1944699999116892E-004   2.3209080000015092E-003  0.95563983599998892        4.1999999211839167E-007   0.0000000000000000        0.0000000000000000        0.0000000000000000     
   1.1999998150713509E-007   5.3871999998023057E-004   2.4682499999926222E-003   1.1147106559999997        3.7200001656856330E-007   0.0000000000000000        0.0000000000000000        0.0000000000000000     
   0.0000000000000000        6.5019900000606867E-004   2.6807699999835677E-003  0.94297803899999622        3.6899999145134643E-007   0.0000000000000000        0.0000000000000000        0.0000000000000000     
   1.3099997886456549E-007   5.8360500000276261E-004   2.5323870000022453E-003   1.1084409249999965        3.6699998418043833E-007   0.0000000000000000        0.0000000000000000        0.0000000000000000     
   0.0000000000000000        6.2786499998424006E-004   2.2656550000021980E-003  0.93706626800002368        3.5499999739840860E-007   0.0000000000000000        0.0000000000000000        0.0000000000000000     
   1.4499997291750333E-007   5.1116499997760911E-004   2.4049219999824345E-003   1.1111776929999735        6.4399998223052535E-007   0.0000000000000000        0.0000000000000000        0.0000000000000000     
   0.0000000000000000        5.8360500000276261E-004   2.4161629999923662E-003  0.93319622699999627        3.6499997690953023E-007   0.0000000000000000        0.0000000000000000        0.0000000000000000     
   1.3300001455718302E-007   6.6546299999004077E-004   2.6738090000151260E-003   1.1116022930000042        3.7300000599316263E-007   0.0000000000000000        0.0000000000000000        0.0000000000000000     
   0.0000000000000000        5.5441099999598009E-004   2.3092000000133339E-003  0.94203248400000916        6.6799998421629425E-007   0.0000000000000000        0.0000000000000000        0.0000000000000000     
   1.2099999935344385E-007   5.3006600001026527E-004   2.3782789999984288E-003   1.1161148969999886        5.9799998552989564E-007   0.0000000000000000        0.0000000000000000        0.0000000000000000     
   0.0000000000000000        7.5712500000690852E-004   2.5880169999936697E-003  0.93736691899999869        3.7699999211326940E-007   0.0000000000000000        0.0000000000000000        0.0000000000000000     
   1.1500000596242899E-007   5.8023899998715933E-004   2.5063829999965037E-003   1.1121545749999768        3.7899999938417750E-007   0.0000000000000000        0.0000000000000000        0.0000000000000000     
   0.0000000000000000        8.6276999999768123E-004   2.6104680000003100E-003  0.93759692599999767        3.6700001260214776E-007   0.0000000000000000        0.0000000000000000        0.0000000000000000     
   1.4799999803472019E-007   6.3763100001779094E-004   2.4779390000162493E-003   1.1189726119999932        3.6900001987305586E-007   0.0000000000000000        0.0000000000000000        0.0000000000000000     
   0.0000000000000000        5.3853400001457885E-004   2.2316839999803051E-003  0.94575760700001865        4.5899997758169775E-007   0.0000000000000000        0.0000000000000000        0.0000000000000000     
   1.3300001455718302E-007   5.0908000000049469E-004   2.4026499999934003E-003   1.1133805670000072        1.2169000001449604E-005   0.0000000000000000        0.0000000000000000        0.0000000000000000     
   0.0000000000000000        1.4882550000265837E-003   2.4101269999903252E-003  0.96956214099998306        3.5900001194022479E-007   0.0000000000000000        0.0000000000000000        0.0000000000000000     
   1.4799999803472019E-007   6.2027800001374089E-004   2.5189039999986562E-003   1.1117491779999966        3.5400000797380926E-007   0.0000000000000000        0.0000000000000000        0.0000000000000000     
   0.0000000000000000        6.2306300000614101E-004   2.5908209999840892E-003  0.94983190900001091        3.6500000533123966E-007   0.0000000000000000        0.0000000000000000        0.0000000000000000     
   1.3299998613547359E-007   6.2379599998507729E-004   2.4703269999974964E-003   1.1129341450000254        4.6700000666533015E-007   0.0000000000000000        0.0000000000000000        0.0000000000000000     
   0.0000000000000000        6.2868700001672551E-004   2.4877179999975851E-003  0.94428656200000205        3.7099999872225453E-007   0.0000000000000000        0.0000000000000000        0.0000000000000000     
   1.1800000265793642E-007   6.0402000002568457E-004   2.5914649999947414E-003   1.1102197579999995        4.2700000335571531E-007   0.0000000000000000        0.0000000000000000        0.0000000000000000     
   0.0000000000000000        5.5162599997515827E-004   2.3157029999936185E-003  0.94091385400000149        3.8400000335059303E-007   0.0000000000000000        0.0000000000000000        0.0000000000000000     
   1.3199999671087426E-007   6.5708900001482107E-004   2.7567889999886575E-003   1.1102173479999919        3.5799999409391603E-007   0.0000000000000000        0.0000000000000000        0.0000000000000000     
   0.0000000000000000        5.4847799998469782E-004   2.3469740000052752E-003  0.93854944400001727        3.5300001854920993E-007   0.0000000000000000        0.0000000000000000        0.0000000000000000     
   1.3700000067728979E-007   5.3283099998679972E-004   2.3772019999910299E-003   1.1186518590000105        3.7000000929765520E-007   0.0000000000000000        0.0000000000000000        0.0000000000000000     
   0.0000000000000000        5.8060599999976148E-004   2.4667659999977332E-003  0.95479391800000712        3.6299999806033156E-007   0.0000000000000000        0.0000000000000000        0.0000000000000000     
   2.6499998284634785E-007   6.4562000000023545E-004   2.4408970000138197E-003   1.1136073300000078        7.2400001727146446E-007   0.0000000000000000        0.0000000000000000        0.0000000000000000     
   0.0000000000000000        6.1019800000394753E-004   2.6447989999951460E-003  0.93636352199999351        3.7800000995957816E-007   0.0000000000000000        0.0000000000000000        0.0000000000000000     
